(750.2922, 407.61264, 1041.3239, 605.32916)
(750.24506, 408.93756, 1040.5577, 605.0115)
(750.7498, 408.64062, 1040.3225, 605.02075)
(751.05884, 407.73065, 1039.9852, 605.3602)
(750.5821, 406.3203, 1041.8687, 605.19464)
(750.90137, 403.5838, 1044.7695, 605.9516)
(747.9795, 406.10922, 1044.8723, 604.7457)
(750.81866, 404.13065, 1044.0552, 606.26166)
(748.68994, 406.50143, 1042.5197, 604.84375)
(750.85504, 404.33698, 1039.5408, 605.90485)
(750.61786, 403.9565, 1039.3064, 605.4505)
(751.00757, 404.30716, 1039.7623, 605.3238)
(750.7575, 404.40054, 1041.5461, 605.15045)
(750.58356, 404.20273, 1043.131, 605.6919)
(748.85425, 405.95798, 1043.8497, 605.56464)
(748.0695, 405.58484, 1044.4568, 605.8577)
(748.6629, 405.76413, 1044.7101, 606.52826)
(747.4797, 405.11438, 1044.455, 606.2891)
(746.70105, 404.8827, 1044.139, 606.77747)
(744.6392, 404.17697, 1044.8129, 607.045)
(743.9725, 404.2463, 1045.1088, 606.9033)
(743.08606, 404.40747, 1044.2954, 606.58307)
(742.75696, 404.9847, 1045.9948, 606.94556)
(742.83685, 405.62283, 1046.3934, 606.355)
(742.5396, 405.7183, 1045.9591, 607.04913)
(743.2686, 405.6907, 1044.8071, 607.2568)
(742.42426, 405.61032, 1043.4148, 608.47595)
(741.6904, 405.52563, 1042.3505, 610.8455)
(740.5947, 405.71783, 1041.6318, 608.50494)
(740.615, 405.48544, 1041.4506, 603.11316)
(741.4832, 406.9888, 1037.7323, 600.1983)
(740.3608, 405.58997, 1038.2849, 598.38696)
(740.3945, 406.0156, 1040.2522, 597.33997)
(739.7013, 407.15884, 1041.1935, 597.1248)
(738.84845, 407.28427, 1041.3435, 596.90875)
(737.7339, 406.0044, 1040.6783, 597.7095)
(736.9121, 406.53555, 1040.1622, 597.4857)
(738.0496, 406.99847, 1039.9937, 597.74225)
(737.72314, 407.4983, 1041.1041, 597.1668)
(737.3809, 408.1899, 1040.2924, 596.81396)
(736.4495, 405.73758, 1039.0022, 597.08966)
(735.37054, 406.35675, 1038.6227, 595.5645)
(736.30853, 406.06436, 1035.0023, 595.16693)
(737.75165, 406.43616, 1036.5078, 595.4824)
(738.89343, 407.53207, 1037.0957, 595.51324)
(739.1314, 406.782, 1039.3594, 595.7102)
(739.94574, 407.43774, 1040.4893, 596.0775)
(740.37305, 407.1525, 1040.5066, 596.76166)
(740.03827, 405.691, 1040.287, 597.74493)
(740.4526, 405.9626, 1038.896, 597.87177)
(740.0796, 405.8539, 1038.6638, 599.7621)
(740.0121, 405.545, 1039.5736, 600.1526)
(739.1065, 405.94742, 1040.0712, 600.0357)
(739.2775, 407.1358, 1043.0114, 599.88477)
(739.18146, 407.14993, 1043.2811, 599.84686)
(739.56177, 407.41226, 1043.1399, 600.60596)
(738.88306, 407.37146, 1043.2657, 601.48926)
(738.86224, 408.0363, 1043.238, 601.5848)
(738.7282, 407.96292, 1042.9667, 601.725)
(738.62476, 407.98752, 1043.2341, 601.49536)
(739.1532, 408.25552, 1041.961, 601.3989)
(739.28827, 409.03964, 1039.339, 599.7625)
(739.50555, 409.4476, 1039.8083, 599.90906)
(739.1084, 409.26315, 1039.6283, 599.76556)
(740.6161, 411.0389, 1036.8159, 598.9542)
(740.8448, 409.52954, 1035.8822, 597.7785)
(740.1207, 409.7353, 1035.4943, 596.42114)
(740.4108, 409.83282, 1035.3783, 595.40137)
(740.80176, 409.57794, 1036.062, 595.28125)
(740.8193, 413.35565, 1038.822, 595.69507)
(741.67596, 413.168, 1038.6843, 595.82477)
(741.6915, 413.28708, 1040.8873, 596.91327)
(741.03143, 412.8817, 1040.854, 597.2667)
(740.5489, 412.70514, 1039.445, 597.52484)
(740.1996, 412.91916, 1040.1954, 596.913)
(739.88684, 413.18994, 1039.2919, 596.867)
(740.1194, 413.02197, 1037.1154, 596.01294)
(739.8565, 410.4937, 1033.9122, 596.90186)
(740.2345, 410.13138, 1034.3108, 595.99365)
(739.77374, 409.6345, 1034.6757, 595.0864)
(740.9682, 410.55713, 1032.9584, 595.1465)
(741.7989, 410.9066, 1037.5312, 595.40826)
(742.1436, 410.75473, 1036.6403, 595.898)
(741.9255, 410.5019, 1037.1357, 596.116)
(740.7845, 410.66718, 1033.9478, 595.5636)
(740.1339, 411.7259, 1040.3429, 596.668)
(739.33954, 414.82495, 1039.7755, 595.9168)
(740.15155, 414.71707, 1038.7588, 596.2341)
(739.9577, 411.44662, 1040.1311, 600.71625)
(738.65643, 411.36334, 1040.3158, 601.788)
(738.94745, 411.60028, 1041.3176, 602.80115)
(738.91315, 411.93262, 1042.5499, 603.3073)
(739.1568, 411.92212, 1046.1034, 605.9497)
(739.1346, 410.938, 1047.0162, 604.4657)
(739.94775, 410.47107, 1047.6594, 601.75104)
(740.4016, 409.66113, 1047.8247, 602.9344)
(739.80896, 409.99295, 1049.0948, 602.69806)
(739.43506, 409.9046, 1049.0016, 605.01556)
(738.373, 410.17172, 1048.897, 603.62897)
(739.25366, 410.12772, 1049.6896, 603.99384)
(739.5485, 409.80563, 1050.8263, 604.77106)
(741.3558, 408.911, 1048.9158, 606.27264)
(740.20245, 407.05182, 1050.9119, 604.32996)
(740.4536, 406.85007, 1051.0571, 605.4441)
(740.88324, 408.1314, 1048.1125, 609.1618)
(739.75543, 407.00208, 1048.6145, 611.17596)
(739.4448, 407.06158, 1048.6594, 611.48425)
(739.3616, 407.87927, 1047.9215, 610.6243)
(738.1874, 408.9249, 1048.2633, 607.49835)
(739.2769, 409.05426, 1047.4739, 606.9756)
(739.1715, 408.9336, 1047.1576, 608.14734)
(737.73517, 407.60822, 1047.0044, 610.5467)
(737.3561, 407.26047, 1047.2734, 610.9441)
(737.89734, 407.18573, 1047.9094, 610.2479)
(738.4146, 407.3831, 1048.2146, 610.1997)
(738.7614, 407.4862, 1047.8441, 610.5473)
(738.9655, 408.29663, 1045.8146, 609.3733)
(739.94727, 407.6574, 1045.9156, 606.9827)
(740.1227, 407.6151, 1046.3638, 607.42566)
(740.8755, 408.15112, 1045.1304, 607.76434)
(741.137, 408.27347, 1045.2157, 606.56366)
(741.78516, 407.29102, 1044.9167, 606.02875)
(741.5643, 406.7556, 1041.0837, 605.93066)
(741.2846, 407.15234, 1038.0397, 604.68665)
(743.28516, 406.0049, 1036.6382, 603.8287)
(742.91785, 408.73303, 1037.2542, 596.81604)
(742.38196, 408.7126, 1038.3315, 596.26556)
(742.8178, 408.96378, 1038.628, 596.5391)
(743.1771, 408.16852, 1038.805, 598.3315)
(742.2135, 405.58347, 1040.9601, 603.4126)
(742.2394, 405.24106, 1044.9492, 603.39703)
(741.6114, 405.7539, 1044.0143, 603.9983)
(741.8749, 405.45993, 1046.0385, 602.3668)
(741.34094, 405.0902, 1046.2158, 600.38684)
(740.90796, 404.68683, 1045.211, 600.468)
(741.0722, 404.38632, 1046.4777, 601.3268)
(741.50885, 403.81537, 1047.6396, 602.5552)
(741.7234, 402.8288, 1049.1416, 603.5487)
(742.129, 402.84897, 1048.4513, 602.95123)
(741.8604, 403.26025, 1047.5591, 601.7503)
(742.0514, 403.03476, 1046.4498, 599.8443)
(743.01013, 402.99185, 1050.4854, 602.1892)
(742.9278, 403.9998, 1050.3582, 604.56647)
(743.2504, 403.99402, 1049.1216, 604.5543)
(743.96185, 404.3806, 1048.4026, 604.5172)
(744.59937, 403.62003, 1048.9355, 605.293)
(745.1281, 403.3312, 1050.6238, 604.145)
(744.67487, 404.96466, 1050.4082, 605.1729)
(744.348, 404.20288, 1051.6865, 605.48615)
(742.40356, 403.99323, 1052.3065, 606.141)
(740.4394, 401.91028, 1051.9438, 603.3386)
(738.89624, 402.7878, 1053.1439, 602.3758)
(739.43005, 403.20816, 1052.112, 605.9454)
(738.61774, 405.59253, 1050.7257, 605.8355)
(738.5804, 405.54388, 1050.0592, 607.62286)
(738.7964, 405.99942, 1047.8306, 607.5593)
(738.7597, 405.79422, 1050.1521, 608.305)
(738.8242, 406.70047, 1049.475, 610.1965)
(738.4207, 408.02347, 1049.7373, 610.165)
(739.67584, 406.96057, 1050.527, 609.7323)
(738.47577, 408.97607, 1047.9603, 609.0541)
(737.9883, 409.07233, 1048.1918, 611.7527)
(738.03314, 410.9559, 1049.1498, 611.186)
(737.85315, 410.96268, 1047.9261, 609.7933)
(737.9801, 409.81848, 1046.0016, 611.81085)
(737.6646, 409.7665, 1043.4532, 614.18616)
(737.75525, 410.62482, 1044.4502, 613.5875)
(738.3172, 409.33438, 1043.1759, 614.43713)
(737.9227, 408.9837, 1042.577, 614.54926)
(737.69775, 408.26978, 1044.0339, 612.17896)
(737.2855, 408.17685, 1045.4221, 611.741)
(737.1652, 407.52405, 1045.62, 611.0158)
(736.7701, 407.5697, 1045.9803, 611.3656)
(736.9579, 407.55106, 1046.1943, 611.45264)
(736.94275, 407.42142, 1045.7758, 610.4557)
(736.93866, 407.60422, 1045.8077, 609.93994)
(736.733, 407.5017, 1045.083, 609.8051)
(736.631, 406.74512, 1045.1094, 608.8855)
(736.5325, 406.9434, 1045.6615, 608.63983)
(736.5764, 407.04483, 1046.3958, 609.39246)
(736.31665, 406.7216, 1046.757, 609.6961)
(736.10956, 407.16946, 1046.8982, 609.84375)
(736.57324, 407.07755, 1046.6818, 610.3702)
(736.09186, 406.67264, 1046.571, 610.4158)
(736.2958, 406.65103, 1046.2495, 610.7041)
(736.6858, 406.86697, 1046.5605, 609.77356)
(737.1292, 407.5592, 1046.623, 609.2566)
(737.4531, 407.97733, 1046.4513, 608.959)
(737.8668, 408.547, 1046.5371, 609.05963)
(738.812, 408.29507, 1044.9418, 610.9221)
(738.54663, 407.77988, 1046.0719, 611.50073)
(738.06274, 408.75977, 1046.3923, 610.05615)
(738.20734, 408.0786, 1044.3873, 609.5944)
(739.36194, 407.92078, 1041.1503, 608.0891)
(739.5436, 408.04523, 1037.4897, 606.9664)
(739.0209, 409.1372, 1038.1417, 605.2295)
(739.6583, 407.83804, 1041.315, 604.63916)
(739.90936, 408.44772, 1044.0519, 602.3722)
(739.68634, 407.86676, 1042.3577, 603.1377)
(739.32434, 407.87897, 1042.2633, 604.0157)
(740.73206, 403.96024, 1039.8029, 605.11816)
(740.75195, 403.68146, 1038.8689, 605.32434)
(739.95166, 404.35904, 1037.3729, 602.36523)
(739.3525, 404.2063, 1038.259, 602.2309)
(739.37006, 404.752, 1038.2981, 602.3613)
(740.20966, 405.06195, 1037.9222, 601.36066)
(739.7352, 404.23996, 1037.6494, 602.1558)
(739.5118, 404.07605, 1037.6185, 602.2658)
(739.8278, 404.03967, 1037.0011, 602.2683)
(739.68634, 404.5928, 1037.3876, 602.5288)
(740.046, 405.81424, 1037.2106, 601.4699)
(740.3237, 406.12497, 1036.7493, 601.17395)
(740.4465, 405.40186, 1036.3638, 601.64606)
(742.1021, 406.49518, 1034.1542, 598.3004)
(742.4687, 405.62125, 1033.2131, 597.18933)
(743.1243, 406.0168, 1030.0112, 596.2115)
(743.5808, 407.4585, 1031.902, 595.93915)
(746.6369, 408.97537, 1028.5608, 594.63556)
(747.20294, 409.20963, 1026.8031, 594.12976)
(746.93524, 410.67688, 1026.9261, 593.7343)
(746.9228, 410.72336, 1026.5039, 593.8352)
(748.2469, 409.539, 1018.6897, 595.404)
(748.65967, 410.49908, 1016.2684, 595.28284)
(750.4479, 411.98984, 1008.5366, 593.96326)
(750.3167, 410.59848, 1007.54156, 593.4294)
(751.6144, 410.85822, 1006.9465, 593.01154)
(753.0994, 410.99734, 1004.7186, 592.38403)
(754.80896, 410.44385, 1003.57135, 591.5323)
(756.0697, 412.89877, 1003.6107, 590.4882)
(758.1856, 413.22873, 998.39014, 591.19116)
(757.5549, 413.77982, 996.97394, 591.58453)
(757.69073, 414.22696, 997.7081, 592.305)
(758.08746, 413.96094, 997.6695, 592.5698)
(758.74817, 415.27554, 996.3044, 593.5998)
(758.1181, 416.1722, 996.83875, 593.74786)
(758.7651, 417.86304, 995.9374, 594.36957)
(760.1493, 416.89282, 995.9356, 595.89886)
(759.9923, 416.5837, 996.05493, 596.5515)
(759.35016, 419.20416, 993.9917, 594.50977)
(758.64526, 418.88583, 992.80206, 594.99274)
(759.33044, 418.97537, 992.462, 595.095)
(760.0758, 416.4067, 991.68335, 598.7731)
(760.7305, 416.0938, 991.99457, 599.3752)
(761.56165, 417.91522, 991.37085, 598.75507)
(761.54736, 418.39212, 990.69556, 599.6963)
(761.01556, 417.75543, 989.3594, 601.0472)
(761.058, 417.96518, 989.13025, 601.34406)
(760.8657, 417.78067, 989.5594, 601.63416)
(760.718, 417.62817, 989.1369, 601.84924)
(759.307, 416.90985, 989.0723, 603.4427)
(759.7368, 416.64462, 989.54785, 604.9151)
(759.8211, 416.19232, 988.979, 605.4141)
(760.21814, 414.3685, 987.8576, 606.8831)
(761.6293, 415.08667, 984.5994, 610.4413)
(760.513, 414.84714, 980.9739, 608.43024)
(760.0982, 414.94, 979.9035, 609.0585)
(759.48724, 414.8722, 978.97546, 610.2068)
(759.14325, 414.88058, 977.70465, 611.62775)
(759.50165, 415.38165, 977.24976, 612.9535)
(758.8921, 415.58347, 976.9347, 613.69574)
(759.9799, 415.36646, 976.68945, 614.25824)
(760.0646, 414.68442, 977.26685, 617.9599)
(760.55206, 414.59323, 977.40247, 618.4758)
(759.4313, 416.06445, 977.1265, 620.175)
(759.46246, 415.96613, 977.2324, 619.5152)
(759.4815, 414.89404, 976.03064, 616.7305)
(758.73114, 416.64618, 977.5688, 618.2493)
(760.3985, 415.08365, 977.3, 619.0792)
(760.57635, 415.0187, 976.87054, 620.3648)
(760.09406, 415.7804, 977.61365, 620.9022)
(759.4589, 416.38824, 977.5134, 622.4128)
(759.328, 415.87683, 977.9726, 622.1007)
(759.2551, 415.397, 978.15015, 622.131)
(758.64465, 417.3781, 978.0922, 622.31854)
(759.1501, 417.38733, 978.2999, 622.4289)
(759.2558, 416.54782, 977.8952, 623.27075)
(759.4499, 416.53842, 978.06494, 623.131)
(759.6633, 416.77274, 978.5049, 623.35706)
(760.01135, 413.57562, 978.9475, 625.5314)
(759.24805, 415.66125, 978.0537, 623.89386)
(759.2909, 416.15756, 978.06537, 623.70703)
(759.51514, 416.93542, 978.3705, 624.0186)
(759.58124, 416.52335, 978.371, 624.25507)
(759.2963, 416.55704, 978.2254, 625.0076)
(759.34564, 416.2777, 978.02515, 625.0922)
(758.0907, 414.64536, 979.5797, 627.77496)
(758.5813, 413.71564, 979.36725, 627.5244)
(758.77423, 413.53384, 979.484, 627.6342)
(758.9111, 413.29874, 979.3365, 627.8288)
(758.895, 413.56705, 979.2652, 627.64233)
(758.33435, 414.65424, 979.3614, 627.43353)
(758.9661, 416.5109, 977.913, 624.94244)
(758.9467, 416.4363, 977.8891, 624.9884)
(758.8653, 416.3503, 978.0467, 624.92004)
(758.72565, 416.3217, 977.9839, 624.85693)
(758.0385, 414.7639, 979.208, 627.3885)
(758.80566, 415.91522, 977.9324, 625.23083)
(758.4748, 416.1507, 977.8765, 625.56104)
(758.05286, 414.49368, 979.1856, 628.1061)
(758.24744, 414.4419, 979.38873, 628.0407)
(758.65765, 415.19278, 979.6788, 626.259)
(758.8189, 414.93216, 979.6287, 626.23004)
(758.4701, 415.0101, 979.3912, 626.23065)
(758.26605, 413.71527, 981.2538, 628.3504)
(758.44434, 415.29105, 979.5504, 626.2067)
(758.94476, 414.95444, 979.3583, 626.0613)
(758.6937, 414.945, 979.42, 626.0834)
(758.7534, 415.25903, 979.1716, 626.148)
(758.61035, 415.05988, 979.2682, 626.4028)
(758.28577, 415.35712, 980.46155, 627.168)
(757.9146, 415.78055, 982.619, 627.5249)
(758.46375, 415.8967, 984.63275, 627.9646)
(757.8589, 415.26868, 985.8639, 628.8768)
(757.30164, 415.34946, 986.97473, 630.0119)
(757.19055, 415.1648, 988.05005, 630.80096)
(757.28253, 415.6422, 988.2884, 631.32526)
(755.6232, 413.90552, 991.3821, 633.5516)
(756.1392, 412.78735, 991.07697, 634.5449)
(757.2033, 413.78885, 988.5051, 632.8065)
(756.1431, 412.3528, 991.5716, 634.3914)
(756.6244, 413.6533, 988.9432, 632.38574)
(755.79443, 412.45828, 991.473, 634.14087)
(756.77893, 413.94595, 988.7938, 632.08936)
(756.11334, 412.54623, 992.4707, 634.1203)
(756.1692, 412.37604, 992.8908, 634.03033)
(755.53766, 412.47803, 993.40326, 633.8833)
(755.7912, 412.44394, 993.4096, 633.6322)
(755.6371, 412.5113, 993.48224, 633.70087)
(755.4123, 412.53336, 993.52045, 633.91296)
(755.3278, 412.23676, 993.7323, 633.6669)
(755.61, 412.16165, 994.03925, 633.8047)
(755.44226, 412.22815, 993.9362, 633.908)
(755.6838, 412.31195, 993.7577, 633.5595)
(756.2421, 412.20956, 993.522, 633.90173)
(756.5096, 412.2314, 993.6412, 633.7319)
(756.1862, 412.24866, 993.3027, 633.64526)
(756.0528, 412.4535, 993.88477, 633.6299)
(755.43427, 412.31155, 993.2898, 633.37616)
(755.2476, 412.31387, 993.19885, 633.37274)
(755.4333, 412.13696, 993.35144, 633.1002)
(756.19147, 414.0735, 990.7184, 629.88306)
(755.25714, 411.98413, 993.27106, 632.21844)
(755.0133, 411.81866, 993.57684, 632.0216)
(754.6219, 411.75522, 993.213, 631.9978)
(754.5326, 411.6454, 993.0884, 632.20294)
(754.8767, 412.1475, 993.4416, 631.97345)
(755.1939, 411.89514, 993.6059, 631.9172)
(754.98914, 411.8549, 993.4169, 631.90784)
(754.7809, 411.6728, 993.626, 632.292)
(754.1321, 411.58362, 993.1265, 631.1453)
(755.4577, 415.00284, 990.3054, 628.2732)
(754.95276, 412.27322, 993.4233, 632.36383)
(756.7587, 414.11316, 992.4183, 627.39655)
(755.9157, 413.73758, 1001.47986, 622.0193)
(753.6273, 413.3138, 1011.0758, 623.9906)
(754.72095, 413.3532, 1017.248, 623.8153)
(754.24713, 415.05914, 1021.3264, 621.4956)
(751.3936, 416.138, 1024.1544, 617.8545)
(748.9644, 417.24545, 1027.9801, 615.4548)
(748.09033, 417.27225, 1032.7915, 612.4737)
(748.6929, 416.93607, 1034.4161, 611.7559)
(748.77203, 416.1587, 1035.3842, 610.2299)
(748.8285, 415.3864, 1034.7231, 609.2348)
(749.13104, 414.98755, 1035.5817, 609.0298)
(750.9785, 415.88605, 1036.6185, 608.559)
(748.5159, 413.87534, 1037.1788, 609.2768)
(747.2986, 412.57654, 1038.6182, 609.2369)
(746.2206, 412.14633, 1040.2021, 608.6125)
(745.0062, 411.45456, 1043.3588, 607.772)
(743.94305, 409.51917, 1043.232, 606.1414)
(741.98376, 410.48584, 1040.7675, 608.6184)
(742.7641, 409.76343, 1039.4269, 604.36035)
(740.727, 410.31793, 1040.7224, 603.23413)
(737.3592, 410.97693, 1042.7046, 601.3334)
(737.18, 411.69485, 1044.9384, 601.21765)
(736.3355, 411.86456, 1044.8755, 600.66595)
(736.05444, 412.26794, 1042.204, 598.7854)
(737.2422, 410.21774, 1036.7931, 598.31036)
(736.06494, 410.91452, 1032.7789, 596.3848)
(735.2031, 411.39133, 1033.7015, 593.099)
(735.48364, 409.51407, 1039.9238, 592.8631)
(738.41675, 409.31882, 1037.8123, 589.3653)
(738.57635, 408.50336, 1035.9548, 588.35065)
(737.91943, 408.408, 1041.4504, 585.87726)
(733.66876, 410.74756, 1052.9922, 582.5542)
(734.64435, 410.99298, 1055.7963, 580.26917)
(734.3105, 411.0258, 1056.7874, 580.9001)
(734.10974, 410.99127, 1057.0063, 583.07904)
(738.98694, 410.69162, 1054.0148, 585.22235)
(736.26215, 413.14352, 1053.4517, 586.3051)
(733.64966, 414.89865, 1054.4904, 585.9201)
(731.0786, 415.84113, 1054.4039, 585.9077)
(729.93176, 417.05328, 1054.7314, 586.2269)
(729.66473, 417.3294, 1053.4177, 586.74567)
(729.49304, 418.17856, 1053.5507, 587.02386)
(730.5723, 420.62357, 1053.9679, 589.19653)
(730.0484, 416.38687, 1052.9307, 588.99005)
(728.7739, 416.4423, 1052.1147, 588.46466)
(728.4793, 416.47537, 1052.2101, 588.8533)
(727.10876, 416.41153, 1051.3644, 588.99963)
(727.8495, 424.60153, 1052.0929, 590.456)
(726.806, 422.35904, 1050.6204, 588.9184)
(727.05743, 422.95023, 1052.1044, 589.1814)
(729.465, 423.27713, 1050.4196, 589.70605)
(731.80585, 423.6284, 1047.2771, 588.9199)
(727.6167, 425.04453, 1044.01, 588.92914)
(725.9166, 426.62683, 1044.2839, 588.93024)
(726.19727, 425.39206, 1040.8523, 590.183)
(727.6146, 426.1494, 1039.004, 591.16943)
(728.0836, 423.53204, 1041.0277, 592.35657)
(728.89026, 422.15482, 1039.6294, 597.87415)
(729.23083, 421.6314, 1037.1376, 600.42175)
(731.1964, 422.7396, 1039.2661, 603.6228)
(727.01715, 421.6928, 1043.4753, 604.8212)
(726.7128, 422.31393, 1043.9594, 605.8226)
(727.23505, 422.3471, 1044.3641, 606.8076)
(729.2168, 422.45984, 1044.1807, 609.995)
(728.3834, 421.79263, 1043.6836, 612.0466)
(727.9531, 422.49622, 1043.3772, 611.3822)
(727.3662, 422.1247, 1043.5114, 611.14075)
(728.5689, 422.39438, 1044.1107, 611.5334)
(730.2429, 423.20056, 1044.2083, 612.59607)
(731.0409, 423.73965, 1044.0228, 613.3078)
(730.1458, 423.40573, 1044.0831, 614.2803)
(730.1033, 423.47897, 1044.1398, 614.3903)
(732.036, 423.93097, 1042.9396, 615.6002)
(730.236, 422.6795, 1043.4192, 615.50757)
(730.75104, 422.53738, 1044.0448, 615.5933)
(730.8867, 422.4087, 1044.0604, 615.5413)
(731.29626, 422.78082, 1043.3159, 615.444)
(730.88684, 422.773, 1042.4413, 614.1797)
(730.7069, 422.6882, 1042.6055, 614.89966)
(731.30963, 422.6046, 1041.5846, 614.5047)
(731.0708, 422.99017, 1040.9773, 613.7467)
(731.0022, 423.048, 1041.3477, 614.7361)
(731.4222, 422.855, 1041.1746, 615.47314)
(731.7301, 422.5322, 1041.29, 616.1614)
(731.90735, 422.05084, 1041.5878, 616.20795)
(732.19604, 422.5222, 1041.7407, 616.6897)
(732.4774, 422.54285, 1041.4167, 617.0915)
(732.4477, 422.82428, 1041.6079, 617.3642)
(732.5353, 423.00452, 1041.7262, 617.3304)
(732.6893, 422.694, 1041.8394, 617.4046)
(732.9001, 422.57837, 1041.645, 617.1155)
(733.26715, 422.893, 1041.6063, 617.11993)
(733.11536, 423.08505, 1041.6858, 616.5265)
(733.1667, 422.65472, 1041.3423, 616.91595)
(733.2884, 422.69095, 1040.652, 617.3599)
(733.0494, 422.58475, 1040.3556, 617.1554)
(732.61835, 422.05646, 1038.7645, 616.2345)
(732.8927, 421.3025, 1036.6014, 614.3257)
(733.3472, 421.4967, 1035.7034, 613.0858)
(733.15405, 420.988, 1033.6298, 610.6049)
(733.14905, 421.6114, 1032.4431, 605.7888)
(734.139, 422.27963, 1032.1316, 605.6424)
(735.053, 421.84256, 1031.8038, 605.7349)
(735.1524, 421.70105, 1032.6035, 606.2342)
(735.8429, 421.49948, 1036.4883, 608.05096)
(735.9614, 422.37454, 1035.8768, 608.028)
(735.9831, 422.56836, 1034.8724, 608.1698)
(736.19366, 422.6999, 1034.9594, 610.1043)
(738.00665, 422.93362, 1033.5043, 612.74115)
(738.03827, 423.95645, 1028.8251, 611.11707)
(737.8439, 422.953, 1027.6182, 606.8373)
(737.643, 422.3013, 1024.6897, 604.6237)
(740.94696, 422.237, 1022.0031, 601.2233)
(742.52594, 420.49872, 1020.77374, 601.5738)
(743.22754, 420.00327, 1019.8243, 601.87177)
(743.66156, 420.1176, 1019.75146, 601.7897)
(741.9858, 425.59714, 1022.4911, 599.01105)
(742.0664, 426.1903, 1022.07684, 598.6278)
(742.67584, 423.7471, 1023.67694, 600.73676)
(742.4728, 424.5696, 1023.9182, 600.67584)
(742.31903, 424.49557, 1019.9748, 600.4081)
(741.8007, 420.4173, 1013.9755, 599.9452)
(744.14514, 420.50583, 1010.9831, 598.97205)
(746.92706, 420.72107, 1008.23724, 599.16473)
(747.601, 421.55838, 1009.52234, 598.3825)
(748.5857, 422.42593, 1008.07117, 597.0386)
(748.12933, 423.06277, 1007.4551, 596.3066)
(748.2433, 425.55405, 1006.32526, 595.5538)
(748.79626, 425.54773, 1007.22015, 593.2103)
(749.1487, 425.63983, 1007.17175, 592.40314)
(750.2195, 425.99304, 1007.1733, 591.98376)
(749.0245, 426.90308, 1009.71326, 590.363)
(749.6412, 426.6012, 1009.348, 589.9389)
(749.50336, 427.37112, 1007.29474, 590.1048)
(749.99005, 426.3271, 1006.2746, 590.1673)
(750.47345, 426.56625, 1005.8732, 589.8224)
(750.0977, 426.65863, 1006.9801, 589.07306)
(751.16547, 426.94827, 1007.0813, 589.1413)
(751.00934, 426.44373, 1008.56067, 588.26337)
(751.0646, 425.91675, 1009.5495, 587.202)
(749.80133, 425.66418, 1012.5273, 584.5812)
(749.63763, 423.90686, 1012.86145, 584.0442)
(750.05817, 424.94464, 1014.4317, 583.20465)
(750.2245, 425.61337, 1015.79376, 581.90625)
(750.68744, 428.28226, 1013.3462, 580.21326)
(751.09186, 428.70056, 1013.67834, 579.5374)
(751.587, 428.9343, 1013.8625, 579.71747)
(752.9526, 428.50674, 1014.68396, 581.49286)
(753.74457, 431.09845, 1015.182, 580.37164)
(754.97723, 438.99448, 1018.42163, 582.623)
(754.9091, 441.9271, 1013.32556, 583.6457)
(753.6256, 442.50336, 1012.9448, 583.97424)
(755.90674, 447.76813, 1010.5265, 587.7164)
(756.2691, 449.36703, 1010.07874, 589.42194)
(755.35394, 455.64905, 1011.33673, 590.39087)
(756.20605, 454.9335, 1014.94745, 589.4718)
(759.1286, 456.5591, 1020.3494, 590.90625)
(759.3512, 459.03876, 1019.46826, 593.1814)
(760.7726, 460.93576, 1017.5245, 594.3188)
(758.1618, 464.47708, 1019.7307, 593.3272)
(758.8436, 465.66898, 1018.58374, 592.278)
(759.71515, 464.9873, 1018.9456, 592.0639)
(761.43036, 463.991, 1015.681, 595.4843)
(763.1551, 466.12463, 1017.35864, 594.409)
(769.2046, 466.57303, 1016.2488, 595.8165)
(770.3279, 465.7066, 1015.8513, 595.59467)
(770.4882, 468.94995, 1016.29767, 595.587)
(770.0018, 470.4372, 1016.8162, 596.27466)
(773.3953, 474.95694, 1017.46423, 596.0682)
(768.9694, 477.83322, 1017.57275, 598.4032)
(769.2721, 478.09726, 1017.4714, 599.5367)
(769.74243, 479.97153, 1019.17175, 596.4612)
(767.255, 481.3182, 1017.0194, 599.5933)
(768.4789, 480.807, 1017.62506, 599.5346)
(769.0249, 480.75174, 1020.34766, 600.08295)
(769.95685, 480.29404, 1021.55743, 600.5222)
(771.8153, 478.17072, 1021.3896, 602.2853)
(773.0958, 479.1012, 1020.93, 602.04144)
(773.7394, 478.36472, 1020.5, 602.173)
(773.9319, 476.36365, 1020.7823, 602.55426)
(774.2585, 469.96225, 1019.3399, 604.03143)
(773.5644, 466.3084, 1019.07184, 604.39325)
(773.1775, 466.56055, 1018.416, 604.2676)
(773.60297, 464.6316, 1018.0466, 605.38293)
(773.8602, 456.3646, 1018.7797, 607.5726)
(774.3912, 455.89642, 1020.14276, 608.1766)
(774.6143, 454.0475, 1020.0436, 608.4741)
(775.6686, 452.8931, 1019.0702, 607.36005)
(775.96655, 447.50763, 1021.4482, 608.2173)
(777.10223, 447.1255, 1021.60583, 608.56793)
(778.63556, 445.61264, 1022.3029, 608.7177)
(777.2784, 441.79642, 1021.5014, 609.9916)
(778.0706, 433.60968, 1022.66724, 609.4877)
(778.3147, 432.82623, 1022.96136, 608.9654)
(780.85065, 433.48502, 1023.30853, 608.97894)
(781.39703, 433.50662, 1024.6797, 608.8107)
(783.4962, 429.97238, 1027.487, 609.4973)
(784.9306, 428.02057, 1026.9867, 609.9924)
(787.6523, 426.99353, 1027.8235, 609.4525)
(791.4456, 426.5468, 1028.8605, 610.07745)
(792.9891, 420.9383, 1028.8672, 613.2374)
(795.87744, 419.80923, 1027.8085, 616.6512)
(804.4191, 417.317, 1027.1702, 618.73773)
(807.43365, 405.3748, 1024.8047, 619.8538)
(805.86865, 402.50546, 1027.7739, 622.01794)
(808.9455, 398.97256, 1028.5381, 625.19183)
(812.8202, 399.39056, 1028.1593, 629.009)
(818.51825, 396.42673, 1026.069, 636.203)
(818.3312, 394.22662, 1027.1702, 639.2928)
(818.31287, 393.56778, 1026.84, 639.0893)
(818.0436, 392.7662, 1027.6316, 639.4914)
(819.32587, 393.77832, 1026.9326, 639.6075)
(818.352, 387.85992, 1027.897, 640.195)
(819.86755, 388.73456, 1025.8599, 641.1472)
(821.9519, 390.00552, 1024.4343, 640.26825)
(821.5181, 389.76587, 1026.3942, 637.9627)
(822.548, 388.6597, 1027.2537, 638.47253)
(822.6558, 388.922, 1027.3253, 638.54956)
(822.9698, 388.61496, 1027.632, 638.1318)
(823.6738, 387.52515, 1029.1868, 639.8189)
(825.09784, 387.02554, 1028.9075, 638.40753)
(825.3911, 384.93002, 1027.9708, 639.3899)
(826.0429, 384.51102, 1028.4752, 639.1054)
(825.49915, 384.8059, 1028.4683, 639.50977)
(824.9059, 384.7192, 1027.9048, 638.93884)
(825.76013, 383.62057, 1029.0604, 638.2548)
(825.1866, 383.9093, 1031.8518, 638.303)
(825.43945, 381.74026, 1031.1179, 635.2581)
(827.3041, 374.0446, 1032.4979, 634.4471)
(830.88525, 365.8444, 1032.9564, 635.18744)
(833.44556, 362.44046, 1033.9583, 633.24176)
(833.6335, 358.43164, 1035.0443, 632.5195)
(836.3378, 350.65744, 1037.5564, 630.183)
(841.0101, 348.49478, 1036.4406, 628.3702)
(844.87195, 345.83954, 1032.1538, 627.12695)
(847.4922, 348.48712, 1034.7678, 624.46094)
(855.7063, 341.1277, 1037.5436, 622.9825)
(857.83276, 336.79636, 1039.1494, 624.6107)
(857.8199, 335.28488, 1037.8973, 622.19604)
(858.655, 331.62653, 1038.8027, 621.804)
(859.9689, 332.8684, 1041.0095, 618.41705)
(860.5536, 334.40216, 1042.6106, 617.7471)
(862.6163, 335.37494, 1044.0846, 612.9562)
(863.637, 332.58945, 1042.5273, 616.038)
(863.04816, 330.3047, 1042.9448, 613.5523)
(864.83954, 327.22076, 1043.5242, 613.7923)
(866.25275, 324.71115, 1044.1774, 614.04865)
(865.9781, 321.13678, 1045.0309, 613.52576)
(866.66296, 317.42053, 1045.4342, 612.88086)
(867.1527, 316.73105, 1044.1631, 611.3838)
(868.1277, 316.91858, 1043.27, 612.5167)
(870.4882, 317.82498, 1042.9888, 612.2987)
(871.513, 318.67828, 1042.5436, 610.8276)
(869.804, 319.2188, 1042.6261, 611.7627)
(870.1945, 319.61942, 1041.9664, 610.67926)
(871.1404, 320.17267, 1041.3833, 609.1939)
(872.0215, 320.0709, 1039.4832, 607.8426)
(872.7257, 319.23804, 1039.4845, 606.9845)
(875.28345, 317.0969, 1039.6067, 606.7463)
(875.8351, 315.86465, 1039.8953, 606.68536)
(876.91785, 313.78088, 1042.5491, 604.4207)
(877.333, 312.8341, 1043.1953, 603.3631)
(877.1853, 311.02795, 1042.8677, 603.0084)
(877.1195, 311.20502, 1042.8092, 602.8643)
(876.566, 311.46716, 1043.4403, 600.51666)
(875.7873, 311.55518, 1043.7761, 599.3981)
(875.56775, 311.8686, 1043.7186, 599.32733)
(875.2692, 311.33997, 1043.6368, 599.27014)
(873.50055, 311.5006, 1044.4025, 597.76825)
(873.92596, 311.18802, 1044.0947, 598.1414)
(873.96246, 307.6252, 1043.14, 600.12244)
(874.25287, 307.28363, 1043.2098, 599.7688)
(873.6735, 307.94232, 1043.2103, 599.7212)
(874.16986, 307.03494, 1042.9222, 599.9169)
(874.32574, 306.52573, 1042.8566, 599.7856)
(874.21173, 307.60367, 1042.8019, 599.77563)
(874.12256, 310.2685, 1043.6451, 597.5514)
(874.1011, 309.83124, 1043.5067, 598.0561)
(874.2411, 309.831, 1043.2502, 598.4502)
(874.67926, 310.16415, 1043.3407, 597.96606)
(874.6175, 310.27524, 1043.443, 598.11163)
(875.0172, 310.56482, 1043.4055, 598.1019)
(874.8557, 310.49643, 1043.2948, 598.052)
(874.8203, 310.24466, 1043.4382, 598.00476)
(875.14355, 310.58438, 1043.1323, 598.3679)
(875.3704, 310.69843, 1043.1241, 598.66785)
(875.2936, 310.49908, 1042.9305, 598.86017)
(875.6766, 310.08722, 1043.0132, 598.9993)
(875.7634, 309.26544, 1043.0194, 598.5674)
(875.86395, 309.83014, 1042.9019, 598.95844)
(875.5924, 310.14713, 1043.1052, 599.1611)
(875.6961, 310.103, 1043.0876, 599.3991)
(876.3796, 310.86688, 1043.0903, 599.3469)
(876.1866, 310.7592, 1043.1138, 599.26483)
(876.3829, 311.12744, 1042.9141, 599.56433)
(877.3783, 310.44806, 1042.6428, 600.05707)
(877.54254, 309.3962, 1042.9404, 599.9559)
(877.01764, 309.693, 1043.8884, 600.2456)
(876.9683, 310.05334, 1043.9369, 600.1723)
(877.16064, 309.8236, 1043.8049, 600.2362)
(877.1461, 310.5194, 1043.9578, 600.6433)
(877.7637, 310.55518, 1043.7982, 600.7588)
(877.1746, 311.05402, 1043.9508, 600.37244)
(876.51654, 310.844, 1044.1226, 600.44696)
(877.278, 311.17883, 1044.3644, 601.12146)
(878.0021, 311.10223, 1044.0214, 601.617)
(876.6355, 311.86426, 1043.5079, 601.1599)
(876.9095, 312.39673, 1043.2952, 601.3926)
(877.215, 311.773, 1043.22, 601.2219)
(877.74976, 311.4917, 1043.2561, 601.28064)
(878.0765, 311.06415, 1044.1056, 601.3942)
(878.0922, 311.52316, 1043.4595, 601.2066)
(878.69946, 309.71405, 1044.2123, 601.47784)
(878.18134, 309.32944, 1044.2429, 601.35297)
(877.30927, 309.38818, 1044.3906, 601.25037)
(877.83417, 308.97632, 1044.3066, 601.45514)
(876.60944, 310.67767, 1044.0845, 600.82764)
(876.51154, 312.19855, 1044.1521, 600.8521)
(876.6082, 312.541, 1044.0199, 601.14575)
(876.5515, 312.25433, 1044.0001, 601.1535)
(877.0282, 312.59946, 1044.5406, 601.25836)
(876.9262, 312.81558, 1044.7172, 601.02124)
(876.6137, 312.5553, 1044.5566, 601.13367)
(876.784, 311.6486, 1044.3065, 601.1088)
(878.6319, 310.48938, 1044.9299, 602.04224)
(878.42883, 311.25992, 1045.4171, 601.78284)
(878.2826, 311.4701, 1045.6445, 601.68365)
(878.69666, 311.1072, 1045.3213, 601.7014)
(878.67865, 312.2273, 1044.8654, 601.2349)
(878.22437, 312.1567, 1044.7836, 601.1019)
(877.63635, 312.4857, 1044.3397, 601.3588)
(877.21204, 311.81906, 1044.6389, 601.2876)
(876.59186, 312.3217, 1044.996, 601.2175)
(876.70526, 312.65997, 1045.0447, 601.57446)
(876.78125, 312.6779, 1045.8026, 601.4072)
(876.6126, 313.69724, 1045.7888, 601.33997)
(876.88, 314.87656, 1046.4144, 601.1493)
(877.33014, 314.78094, 1046.6067, 601.1205)
(877.1842, 315.00928, 1046.7026, 601.1876)
(877.0746, 314.91824, 1046.4692, 601.174)
(876.9627, 314.66275, 1046.0663, 601.30304)
(877.16626, 314.8673, 1045.9406, 601.49304)
(876.7788, 315.152, 1045.4458, 601.37854)
(877.30975, 315.1031, 1045.0231, 601.5063)
(876.7952, 315.04965, 1044.7738, 601.5324)
(876.7609, 314.93228, 1044.8986, 601.3411)
(876.7254, 314.58008, 1045.1157, 601.55164)
(877.14185, 313.9097, 1046.6433, 601.3191)
(877.049, 314.34702, 1046.7867, 601.05426)
(877.2936, 314.40594, 1046.8357, 601.25446)
(877.0381, 313.93472, 1046.7322, 601.2429)
(877.21783, 313.29376, 1046.6958, 601.60504)
(877.6657, 313.4384, 1046.2928, 601.1662)
(877.7499, 313.87692, 1045.9901, 600.83136)
(877.6216, 314.10126, 1045.9023, 600.76105)
(877.607, 314.23383, 1045.9608, 600.7457)
(878.0032, 313.61795, 1045.9391, 600.85535)
(878.1834, 313.39484, 1046.0209, 600.84357)
(877.82715, 313.2981, 1046.1444, 600.93176)
(877.803, 313.75015, 1045.9257, 600.73334)
(877.7565, 314.09613, 1045.9939, 600.7567)
(877.72034, 314.04578, 1045.5466, 600.5365)
(877.18384, 314.22025, 1045.623, 600.39703)
(877.3037, 314.0651, 1045.6428, 600.0399)
(878.5806, 314.36356, 1045.2839, 600.0934)
(878.3668, 314.3257, 1045.3256, 600.0207)
(878.6052, 313.56, 1045.2644, 600.22565)
(878.6414, 313.60284, 1045.3074, 600.34406)
(878.4332, 313.25125, 1045.4258, 600.3415)
(880.20984, 312.75388, 1045.6967, 601.45795)
(879.7207, 312.83453, 1046.1622, 601.56726)
(879.3387, 312.6949, 1046.8121, 601.4409)
(878.7385, 313.1539, 1046.7511, 601.8153)
(878.6674, 313.39496, 1046.0615, 601.1555)
(880.6988, 305.02954, 1043.8121, 603.4868)
(880.7834, 307.19128, 1043.5424, 601.73047)
(879.4463, 309.23492, 1043.3683, 601.58856)
(878.97516, 309.06845, 1043.8793, 600.8513)
(879.04913, 301.2442, 1042.1669, 604.5137)
(878.457, 298.70166, 1041.7574, 603.39624)
(878.439, 300.79108, 1043.0082, 598.1055)
(878.7433, 301.54877, 1042.466, 597.8754)
(877.56775, 299.0482, 1041.7367, 596.638)
(877.8191, 296.6805, 1041.4785, 596.36914)
(881.8738, 286.64365, 1039.6299, 596.0317)
(881.74457, 285.59552, 1039.7245, 595.0177)
(882.7128, 284.6873, 1039.4652, 594.7767)
(883.00464, 284.65082, 1039.5938, 593.5315)
(882.34827, 283.58438, 1040.2986, 591.10846)
(883.37683, 282.2641, 1040.1322, 591.53436)
(884.6706, 279.56335, 1039.5724, 590.39404)
(887.34326, 279.21533, 1039.0226, 590.799)
(892.16473, 283.098, 1040.0903, 588.9206)
(895.3851, 283.30124, 1039.6941, 588.4234)
(896.27423, 283.0353, 1039.7528, 588.37476)
(899.4894, 285.32245, 1038.4902, 586.76276)
(903.0706, 284.2864, 1037.7023, 587.63196)
(903.9113, 281.81134, 1037.117, 587.55975)
(903.26416, 281.0158, 1038.029, 587.711)
(903.07495, 281.96832, 1037.2626, 586.65515)
(902.7635, 280.14386, 1037.0078, 586.6553)
(902.49884, 280.08868, 1037.1266, 586.2928)
(902.0379, 278.95477, 1037.9281, 584.60156)
(902.0783, 277.57834, 1036.6567, 585.64124)
(901.2603, 271.83237, 1038.3175, 584.73584)
(901.0392, 269.99948, 1038.2091, 584.4015)
(900.36475, 269.03564, 1038.7252, 584.77997)
(900.07434, 269.20047, 1038.8687, 583.40497)
(901.00555, 269.96808, 1038.2284, 579.7373)
(901.9889, 267.0284, 1038.5724, 578.4227)
(902.18475, 265.5017, 1038.3654, 576.976)
(901.64655, 263.71567, 1038.5044, 576.3149)
(900.60986, 260.61533, 1037.7302, 575.8512)
(901.0889, 258.75546, 1037.5698, 576.27313)
(901.3942, 258.14334, 1037.2883, 574.2582)
(901.6639, 252.6843, 1037.1804, 573.8738)
(902.94775, 254.37192, 1036.4921, 573.9851)
(902.49274, 253.6281, 1037.4058, 571.342)
(903.03864, 254.75294, 1037.6038, 569.86957)
(903.4337, 252.65303, 1037.3027, 568.3307)
(903.16614, 249.35573, 1035.473, 566.09576)
(906.087, 250.837, 1034.0306, 565.3665)
(906.12616, 250.1689, 1034.4775, 562.418)
(906.2868, 247.2531, 1033.985, 561.5174)
(908.8267, 246.58061, 1031.6953, 561.6965)
(908.46686, 247.97948, 1030.6693, 558.0977)
(906.02075, 246.42856, 1031.4446, 558.77905)
(908.13666, 249.47574, 1030.3151, 556.6595)
(909.7131, 246.69305, 1030.4092, 554.38763)
(912.3146, 246.91583, 1031.0986, 552.6498)
(912.8276, 245.67009, 1031.29, 552.22375)
(908.7896, 240.21286, 1033.149, 551.9955)
(908.74475, 240.92995, 1032.8109, 550.1742)
(910.7934, 234.4581, 1033.1527, 547.16205)
(911.98785, 230.98305, 1033.2809, 544.65027)
(912.98615, 228.51918, 1035.5532, 541.6755)
(907.08057, 221.36136, 1038.1305, 536.40845)
(909.2188, 218.02849, 1039.5911, 531.9883)
(912.5841, 217.22263, 1040.164, 525.8359)
(913.5738, 214.24136, 1040.6244, 523.927)
(913.4773, 207.58655, 1042.4729, 522.0131)
(913.9534, 202.10902, 1041.2612, 518.65796)
(917.4242, 202.76483, 1044.701, 517.5792)
(921.9573, 199.28075, 1047.4852, 513.9356)
(923.98193, 197.64056, 1052.2335, 511.74365)
(925.187, 196.57239, 1053.8246, 511.71768)
(928.57794, 195.06189, 1053.9861, 507.4055)
(929.0392, 195.91017, 1055.2083, 495.43594)
(926.79865, 192.6368, 1057.5156, 488.32907)
(925.965, 188.77574, 1058.2761, 487.5786)
(286.65967, 165.35501, 406.22058, 441.12717)
(928.4365, 183.32828, 1058.0415, 486.57736)
(927.72107, 181.81918, 1057.4885, 484.56946)
(927.39435, 181.24014, 1057.3463, 483.27835)
(927.4424, 179.55438, 1057.3857, 482.4981)
(927.0802, 178.04913, 1057.045, 480.79034)
(927.65845, 179.92279, 1056.4833, 476.05045)
(927.9219, 179.0439, 1056.249, 473.98914)
(925.4719, 177.91461, 1055.8962, 473.00592)
(925.2324, 177.30107, 1055.4474, 472.45526)
(923.17114, 174.57384, 1055.7916, 470.3247)
(923.9686, 173.84093, 1055.7502, 468.5095)
(926.83875, 169.83212, 1055.2324, 469.82645)
(925.9173, 166.49892, 1055.271, 469.06393)
(926.10767, 164.87167, 1054.5879, 468.0834)
(925.4501, 165.47963, 1054.2716, 467.41727)
(286.57993, 165.28752, 406.38788, 440.60754)
(286.5667, 165.2479, 406.36118, 440.58936)
(286.55496, 165.20973, 406.3553, 440.5911)
(286.55606, 165.27205, 406.38028, 440.56577)
(286.59323, 165.27942, 406.3686, 440.47913)
(286.6004, 165.31952, 406.35672, 440.4713)
(929.216, 158.86264, 1054.457, 455.35303)
(927.4548, 159.48886, 1054.2079, 455.26895)
(926.84766, 160.15244, 1053.963, 455.44495)
(927.36536, 159.659, 1053.7238, 455.4145)
(928.64874, 157.6078, 1052.5386, 455.5113)
(929.23376, 157.11884, 1051.9014, 455.67722)
(929.98627, 154.84517, 1051.4308, 455.02618)
(928.9174, 156.83333, 1050.6754, 456.46918)
(929.5918, 155.71265, 1050.476, 455.45844)
(930.02264, 154.86295, 1050.4735, 455.7516)
(930.33, 154.37148, 1050.7119, 455.36066)
(930.14417, 154.63245, 1050.5771, 455.3201)
(930.6005, 154.5889, 1050.7064, 455.5441)
(930.49554, 154.80734, 1050.952, 455.46646)
(930.44116, 155.01529, 1051.2572, 455.41977)
(930.8997, 156.07413, 1051.558, 455.33322)
(931.23645, 157.39717, 1052.1312, 455.4452)
(930.4968, 157.41516, 1052.9678, 455.62308)
(930.9917, 156.7833, 1053.3458, 455.34387)
(931.2789, 156.32674, 1053.3009, 455.22516)
(931.2306, 154.87407, 1054.5759, 455.39258)
(931.034, 156.79369, 1053.6531, 456.28534)
(931.2803, 157.56433, 1053.7314, 457.08453)
(931.96497, 156.29442, 1054.6396, 455.73206)
(932.30273, 156.64183, 1055.0215, 456.05252)
(932.7257, 158.15697, 1054.2788, 456.89438)
(932.4824, 158.42426, 1054.2648, 456.61673)
(932.3362, 156.78612, 1055.7827, 456.24142)
(932.6309, 157.12074, 1056.284, 456.16284)
(932.6943, 157.40987, 1056.41, 456.19904)
(933.5027, 158.74773, 1056.0494, 456.36356)
(934.08276, 158.78777, 1056.4285, 456.35083)
(286.49133, 165.27634, 406.41153, 440.5672)
(286.55637, 165.2726, 406.37088, 440.62045)
(286.5492, 165.27565, 406.35602, 440.6388)
(286.55612, 165.27045, 406.35254, 440.65585)
(932.50836, 157.96461, 1058.9537, 460.367)
(932.7174, 158.44525, 1059.3257, 459.45447)
(932.91675, 159.27115, 1059.3708, 459.58194)
(286.49286, 165.25562, 406.39462, 440.52744)
(286.50235, 165.29182, 406.39868, 440.51984)
(286.52487, 165.29593, 406.39072, 440.46527)
(286.50327, 165.24344, 406.40692, 440.4689)
(286.51743, 165.22404, 406.40735, 440.52176)
(286.5699, 165.16328, 406.39453, 440.6599)
(286.54056, 165.19908, 406.3952, 440.66818)
(286.5354, 165.20871, 406.3814, 440.6446)
(286.54086, 165.19722, 406.3843, 440.64557)
(286.54367, 165.16367, 406.33713, 440.7093)
(930.7236, 159.66174, 1060.8464, 463.62036)
(930.357, 159.32135, 1060.9916, 463.7441)
(930.3515, 159.07002, 1060.702, 464.7746)
(930.0166, 158.5106, 1060.1042, 463.80386)
(929.79517, 157.76869, 1059.3997, 464.07022)
(928.72015, 156.62527, 1058.8359, 464.63913)
(926.60736, 155.49857, 1058.9962, 465.4683)
(918.93195, 155.60287, 1059.2925, 463.45554)
(917.3587, 157.97981, 1060.0396, 463.2377)
(915.33075, 155.57953, 1060.4918, 463.43146)
(914.38684, 153.67346, 1060.8363, 461.9133)
(907.1556, 156.00557, 1060.8693, 460.63104)
(904.61536, 158.9426, 1060.918, 459.04907)
(900.7044, 155.52596, 1058.7251, 460.14603)
(900.6871, 159.03415, 1058.1445, 457.0604)
(887.54565, 152.99146, 1058.828, 456.34103)
(883.58026, 150.57648, 1057.4979, 456.8465)
(876.912, 151.81587, 1059.8586, 456.69592)
(873.32263, 153.46745, 1060.3707, 455.9047)
(871.5648, 155.2306, 1059.3611, 456.10794)
(870.8092, 159.4318, 1058.2537, 455.32513)
(865.36487, 159.52635, 1058.7048, 455.8339)
(860.96606, 160.53319, 1059.2883, 455.53485)
(857.8805, 159.47255, 1059.4832, 453.9196)
(854.9276, 158.8713, 1060.1581, 453.81912)
(854.1028, 158.38884, 1060.8391, 452.75232)
(852.0425, 158.00174, 1060.5062, 453.52942)
(851.3814, 160.60275, 1058.0781, 454.47803)
(855.5067, 166.75755, 1056.8588, 453.04886)
(854.19214, 168.15266, 1057.544, 452.92426)
(852.08844, 168.40154, 1057.7336, 452.79242)
(840.9447, 170.61417, 1056.7646, 451.89868)
(839.0221, 168.17665, 1057.0487, 452.70447)
(835.96173, 170.86694, 1055.5018, 453.22244)
(835.0404, 174.29596, 1054.748, 453.37238)
(830.0068, 180.89987, 1058.0782, 450.5458)
(818.7215, 181.45908, 1056.1315, 450.45258)
(821.23096, 181.1083, 1055.6233, 451.97772)
(820.20685, 181.30121, 1054.9537, 451.95752)
(813.4974, 187.68614, 1055.6503, 447.12863)
(812.557, 187.94124, 1056.1616, 445.5555)
(810.7959, 189.60461, 1055.3354, 444.89374)
(808.12555, 189.67264, 1055.2809, 444.25128)
(804.2695, 194.01918, 1054.3416, 446.4684)
(805.67175, 197.44568, 1054.12, 444.94266)
(807.77637, 199.49454, 1053.529, 446.60013)
(801.63794, 199.68365, 1054.5657, 449.83542)
(798.4001, 209.788, 1052.8982, 451.6985)
(794.4695, 218.2308, 1053.6228, 449.63593)
(798.33044, 222.24261, 1053.5718, 449.80576)
(787.1921, 231.11884, 1056.7783, 447.33627)
(783.194, 235.8904, 1058.0505, 447.2309)
(780.4207, 237.51326, 1058.3352, 447.41666)
(778.29724, 237.75053, 1057.5898, 446.5972)
(777.9433, 241.71645, 1057.6808, 446.1944)
(782.52435, 243.56328, 1057.808, 444.79788)
(779.19666, 245.74425, 1056.8469, 445.85446)
(777.42255, 247.31424, 1057.0383, 444.76605)
(775.4049, 247.71393, 1057.397, 443.07523)
(773.9346, 248.96898, 1057.7776, 443.11746)
(770.71124, 250.08687, 1058.2415, 442.7843)
(768.38, 252.16777, 1058.3514, 442.65628)
(770.3793, 252.2236, 1058.0515, 443.42584)
(768.24084, 256.69797, 1057.0533, 444.95184)
(766.95825, 258.88196, 1056.8445, 444.70795)
(766.839, 264.85092, 1057.2273, 443.7128)
(757.4964, 269.1009, 1056.032, 442.7907)
(754.50616, 272.98105, 1056.6841, 441.8493)
(752.4934, 273.61673, 1055.0857, 442.52975)
(747.24365, 276.3932, 1055.2543, 441.14575)
(743.08136, 287.38336, 1056.481, 442.76404)
(743.1651, 290.07007, 1056.3063, 443.66022)
(736.9648, 293.26056, 1055.4568, 439.93442)
(739.9975, 294.14502, 1053.2351, 440.67932)
(734.9548, 303.56897, 1054.5798, 440.75034)
(734.6387, 306.01004, 1054.5602, 442.44586)
(733.10815, 306.56848, 1052.9972, 445.74728)
(732.41266, 315.21423, 1054.5726, 451.96982)
(732.0865, 318.03293, 1053.3859, 460.28375)
(735.791, 320.34744, 1056.1792, 459.81265)
(732.4566, 321.1073, 1055.6398, 466.6336)
(735.9968, 323.1489, 1051.5366, 469.37186)
(738.19006, 327.7708, 1055.859, 479.55536)
(739.24414, 326.9359, 1054.9806, 484.3843)
(739.8039, 325.98975, 1054.4902, 491.31253)
(742.1507, 324.40213, 1054.3994, 497.68835)
(740.79144, 332.64893, 1053.5769, 501.72235)
(741.2407, 335.28217, 1053.7592, 502.3298)
(740.477, 336.208, 1052.8749, 503.38647)
(738.82385, 337.9661, 1053.4207, 503.89075)
(736.06323, 343.76767, 1051.5122, 506.0488)
(737.0004, 344.8768, 1053.601, 506.5564)
(736.4746, 345.52954, 1053.4042, 506.05597)
(735.5108, 346.66647, 1054.255, 504.91672)
(734.9925, 348.2368, 1057.2635, 506.70816)
(735.14496, 348.08878, 1058.3292, 508.07925)
(735.1307, 347.79117, 1058.5155, 512.0153)
(735.43005, 348.425, 1056.2524, 515.4314)
(734.67316, 351.5012, 1055.6886, 520.0506)
(737.43396, 354.43237, 1053.9579, 526.00037)
(739.7164, 355.07608, 1054.1177, 530.6015)
(738.6909, 355.37805, 1056.923, 530.7601)
(736.03125, 358.46295, 1054.1862, 540.3796)
(736.6809, 361.73947, 1053.3756, 546.06146)
(739.8271, 361.86877, 1053.0083, 542.8088)
(735.23596, 363.87732, 1052.7867, 549.0753)
(733.7495, 365.17712, 1051.6553, 555.5122)
(734.97864, 369.96817, 1053.8596, 559.68286)
(732.4777, 370.6983, 1051.9165, 561.3097)
(733.9451, 372.42474, 1047.8612, 562.9869)
(732.31824, 375.4378, 1046.0392, 573.50323)
(734.17804, 378.92413, 1046.9492, 578.76355)
(735.4023, 379.98608, 1038.7476, 585.40094)
(733.01385, 376.08704, 1041.6392, 589.6913)
(733.6359, 382.25134, 1040.7426, 590.98206)
(734.9188, 385.14032, 1038.6978, 593.6905)
(732.26154, 388.6809, 1037.184, 597.6781)
(733.4714, 389.28076, 1035.5554, 601.1607)
(735.9007, 388.28342, 1035.3342, 609.4928)
(735.78613, 390.26938, 1035.4175, 612.64557)
(734.7587, 390.89227, 1034.3658, 616.5891)
(733.2526, 392.82266, 1033.1982, 618.6315)
(731.472, 391.5589, 1032.9244, 621.1426)
(732.88776, 390.98557, 1030.6063, 622.2112)
(734.7609, 391.9534, 1028.0221, 622.08093)
(734.4366, 391.5999, 1027.209, 620.5959)
(734.6942, 391.2438, 1026.1665, 621.4496)
(733.748, 391.45462, 1025.3965, 622.23553)
(733.6177, 391.52444, 1024.9478, 622.3054)
(731.98737, 392.264, 1026.2073, 620.90857)
(728.9819, 391.86847, 1025.7715, 622.4517)
(726.91003, 391.75146, 1025.6315, 623.15344)
(724.6025, 391.6427, 1024.9191, 623.5373)
(723.0365, 392.14197, 1025.0167, 621.38947)
(719.0934, 392.74594, 1023.00366, 617.5828)
(720.04803, 392.60605, 1023.5276, 616.92017)
(721.6424, 391.83, 1023.2619, 615.7492)
(721.9182, 391.29633, 1023.35486, 614.0003)
(720.7193, 391.72733, 1023.51166, 610.8657)
(718.17255, 391.6649, 1024.1415, 609.3756)
(717.1088, 391.74042, 1023.50604, 608.00385)
(716.09985, 392.04382, 1023.9191, 607.74756)
(713.82056, 391.95358, 1023.21875, 603.5688)
(713.7002, 392.1601, 1024.0966, 599.61786)
(710.01355, 391.83188, 1025.8586, 596.701)
(708.33575, 392.23016, 1026.3308, 595.097)
(706.298, 392.68875, 1027.72, 590.8364)
(705.48047, 392.69586, 1027.7216, 589.1312)
(706.5046, 392.38345, 1028.4548, 584.8169)
(700.60297, 390.56427, 1031.5905, 584.34045)
(702.8668, 390.80786, 1028.4382, 575.6805)
(702.9411, 391.34164, 1030.3557, 573.0877)
(704.9636, 392.5704, 1029.6396, 571.3055)
(700.8047, 391.82507, 1030.9417, 564.7404)
(702.9501, 391.24725, 1032.1892, 549.94183)
(701.7126, 391.13312, 1032.1913, 548.74585)
(698.7576, 390.40964, 1033.2649, 547.8388)
(700.6899, 391.11276, 1031.8584, 547.56085)
(700.6954, 390.02463, 1032.1122, 546.09827)
(702.7077, 391.48343, 1032.2224, 545.8322)
(703.34686, 391.05438, 1032.0254, 546.0014)
(702.93744, 391.2312, 1031.703, 545.2489)
(703.01013, 390.91522, 1030.8765, 545.4694)
(700.8056, 389.95993, 1031.0092, 546.00275)
(700.9035, 389.93857, 1030.5293, 544.9969)
(700.5802, 389.58826, 1030.9417, 545.22876)
(698.0517, 389.4777, 1030.537, 543.38104)
(696.26416, 389.2012, 1030.5878, 542.7842)
(695.0851, 388.32083, 1032.2001, 543.43066)
(694.6695, 389.91425, 1033.5052, 542.6516)
(695.91406, 389.19208, 1033.1211, 541.12384)
(696.6236, 389.77203, 1033.7369, 539.77765)
(694.68774, 390.11603, 1033.1796, 539.8968)
(696.3104, 390.33652, 1033.0078, 538.7703)
(695.8044, 392.32153, 1031.407, 539.5138)
(692.95105, 392.61203, 1029.535, 539.95605)
(691.72565, 392.0446, 1029.362, 539.13464)
(692.33374, 390.14084, 1029.0582, 539.9015)
(690.8934, 387.14496, 1027.6908, 542.1201)
(691.9043, 386.86365, 1025.3607, 540.01404)
(690.8861, 387.32568, 1024.5057, 539.9845)
(688.1156, 387.6968, 1024.2206, 538.78503)
(687.5899, 388.6607, 1024.2021, 535.4075)
(686.6378, 389.24377, 1024.2688, 535.26447)
(685.78284, 389.79977, 1023.866, 535.4503)
(686.19006, 389.3352, 1023.7971, 535.2799)
(682.76, 390.31348, 1024.4692, 536.60455)
(682.90704, 390.7338, 1024.6995, 537.4087)
(682.5489, 390.74268, 1024.8883, 537.51025)
(682.0504, 391.44888, 1025.1809, 537.3546)
(684.849, 390.79202, 1024.847, 537.58466)
(684.4678, 390.88937, 1023.9227, 536.7438)
(683.1743, 391.3596, 1023.3588, 536.44586)
(682.6848, 390.54898, 1022.8058, 536.27246)
(683.9703, 390.95438, 1022.7322, 536.5852)
(683.61273, 390.49512, 1021.7919, 537.5456)
(685.1445, 390.4284, 1021.3146, 537.2143)
(684.82556, 390.1645, 1021.89386, 537.9321)
(685.1922, 390.13412, 1020.1839, 538.9159)
(684.8137, 392.3288, 1016.5052, 539.87964)
(684.97644, 391.70303, 1017.08527, 540.69196)
(686.5517, 391.59967, 1016.28644, 540.6397)
(685.105, 392.36865, 1016.8438, 541.8401)
(684.9063, 393.0856, 1016.1971, 542.05444)
(683.1436, 392.62546, 1016.0752, 542.7034)
(682.6915, 392.8137, 1015.7963, 542.6347)
(681.5639, 392.2667, 1014.3751, 542.9871)
(681.52765, 391.87622, 1014.80914, 542.80444)
(679.1402, 391.73645, 1015.54877, 542.638)
(679.54755, 391.29636, 1015.34235, 542.7313)
(680.13464, 390.85184, 1014.72205, 542.3722)
(679.44183, 391.07895, 1014.4564, 542.68414)
(678.777, 390.8142, 1014.3745, 543.33484)
(677.3394, 390.39124, 1014.1598, 543.41876)
(677.24384, 390.6414, 1013.9762, 542.2079)
(674.67535, 390.06863, 1013.0156, 542.7365)
(673.45465, 389.818, 1012.5581, 542.92426)
(675.15704, 389.73615, 1012.64685, 541.8341)
(677.67303, 389.43796, 1011.5784, 538.47906)
(677.661, 388.59418, 1011.12445, 538.2206)
(677.12805, 389.52335, 1011.56305, 537.40753)
(676.8362, 390.15, 1012.1857, 538.53357)
(676.881, 390.3132, 1013.66473, 539.342)
(677.6719, 389.99924, 1013.2389, 539.322)
(678.8002, 390.48633, 1013.4657, 538.3718)
(679.8729, 390.55447, 1013.8406, 537.6295)
(680.48584, 390.6133, 1012.9307, 539.02826)
(680.15015, 390.91187, 1013.0489, 538.6638)
(680.6363, 391.47693, 1012.9, 539.1113)
(678.55524, 391.45038, 1011.9295, 539.77765)
(677.3539, 390.96054, 1011.2917, 541.8715)
(678.7118, 390.16806, 1011.06573, 545.03894)
(680.5922, 390.49155, 1011.61383, 546.1295)
(680.0992, 390.52396, 1011.86395, 546.2685)
(678.6822, 391.39352, 1012.7454, 546.0339)
(679.43243, 391.125, 1012.0407, 545.1165)
(680.2811, 391.3142, 1012.0108, 544.3644)
(679.6668, 390.06964, 1012.24445, 543.5374)
(679.02747, 389.55865, 1011.9644, 542.6923)
(678.7564, 389.91888, 1012.1468, 542.675)
(678.1733, 389.82047, 1013.2287, 542.8559)
(678.14453, 389.96127, 1012.6642, 542.8028)
(679.3197, 390.0172, 1014.8925, 543.6204)
(680.33026, 390.5039, 1014.91907, 543.33984)
(679.854, 390.63425, 1014.51227, 543.68524)
(679.6348, 390.44302, 1014.78326, 543.3235)
(677.9781, 390.90457, 1014.92334, 542.45166)
(676.93115, 391.06848, 1014.6347, 542.6125)
(677.24176, 390.97205, 1014.8858, 542.5076)
(676.65656, 389.5986, 1014.46313, 543.5744)
(678.2172, 390.44098, 1014.66296, 542.4631)
(678.7277, 390.27872, 1014.13947, 542.4613)
(679.1306, 390.41946, 1013.8795, 542.46)
(677.25055, 390.20456, 1013.5534, 543.0554)
(676.5763, 390.12817, 1012.18726, 543.06134)
(676.92694, 390.5013, 1011.85364, 542.8987)
(676.3397, 390.57065, 1011.88086, 543.0986)
(676.46185, 390.81705, 1012.30493, 543.03546)
(677.57605, 390.34427, 1010.95966, 542.3565)
(677.291, 390.19727, 1011.5168, 542.68445)
(676.11707, 390.29315, 1011.5278, 543.1776)
(676.09863, 390.5654, 1011.8166, 543.1067)
(675.7394, 390.53537, 1011.7919, 543.5755)
(675.39307, 390.79633, 1011.9126, 543.5189)
(676.0528, 390.90952, 1011.20636, 544.2937)
(675.82904, 390.99838, 1012.17426, 544.0449)
(676.5327, 391.02393, 1011.81836, 543.5568)
(676.4557, 390.997, 1012.4449, 542.9205)
(674.99585, 390.80246, 1013.4133, 542.0773)
(675.572, 390.44772, 1011.8771, 542.34)
(674.077, 389.99457, 1014.096, 544.7191)
(675.1539, 390.31888, 1014.5319, 546.40533)
(675.0645, 390.54163, 1015.6785, 549.2076)
(674.5825, 391.01596, 1015.73047, 549.7983)
(674.79694, 391.27255, 1013.6731, 550.8522)
(675.11646, 391.09927, 1011.8754, 550.0785)
(675.3873, 391.08676, 1011.52545, 552.21106)
(674.3483, 391.18408, 1011.89325, 551.21)
(673.7188, 390.15475, 1011.163, 550.2088)
(674.8579, 388.83865, 1010.7209, 550.1585)
(674.62195, 388.6124, 1009.43054, 550.8062)
(673.67413, 389.08585, 1008.2469, 552.95605)
(671.4409, 388.13565, 1009.22144, 555.5533)
(675.59076, 388.15872, 1010.43933, 556.0893)
(676.4362, 387.4703, 1009.25354, 557.2377)
(676.72754, 387.44824, 1009.41425, 557.2171)
(676.43054, 387.97232, 1008.5323, 558.6414)
(676.44324, 388.25974, 1008.5873, 559.95514)
(675.7139, 387.56723, 1006.7347, 562.0397)
(675.03174, 387.5569, 1006.13416, 562.668)
(675.9757, 387.8352, 1005.53015, 562.12006)
(674.0685, 387.81375, 1006.4631, 562.2297)
(673.0924, 388.35544, 1007.47797, 565.6564)
(672.6766, 388.93155, 1006.4953, 564.8766)
(672.6813, 388.26428, 1005.775, 567.4198)
(674.4545, 388.25272, 1004.461, 568.49994)
(674.4179, 388.17554, 1003.4839, 570.20874)
(676.11426, 387.52982, 1002.9379, 571.64594)
(680.04395, 387.99997, 1002.9718, 572.6376)
(683.21515, 391.38037, 999.6829, 573.174)
(682.3526, 389.27335, 998.89355, 573.3224)
(680.48236, 391.27722, 998.47864, 573.12885)
(678.452, 389.94315, 996.69293, 577.9506)
(678.3827, 388.85068, 995.24426, 581.9222)
(675.9207, 389.41812, 995.1126, 582.36)
(676.0442, 389.09256, 994.177, 583.5584)
(679.505, 392.1, 991.77954, 586.6784)
(678.0508, 391.36893, 992.3987, 586.5057)
(677.4169, 390.83545, 991.5755, 586.2589)
(677.68787, 390.78998, 989.7731, 588.73773)
(681.5327, 391.99673, 986.7882, 593.0547)
(681.60345, 392.36447, 987.0877, 593.7697)
(680.7598, 391.9974, 990.02, 593.17804)
(681.4389, 395.07803, 988.29565, 592.15283)
(681.27094, 393.3487, 987.5703, 594.0842)
(680.43677, 394.50098, 985.3502, 594.88715)
(679.5095, 394.38083, 986.2714, 595.43976)
(679.2056, 391.27386, 985.8396, 597.1779)
(679.8301, 392.19113, 981.13495, 601.605)
(679.21124, 393.0081, 978.4425, 606.76886)
(679.484, 393.1524, 978.9191, 608.65027)
(679.60834, 391.79446, 979.71924, 607.2824)
(681.35284, 392.35056, 977.47424, 610.6786)
(681.47095, 391.96323, 977.2344, 612.06415)
(682.1671, 391.33975, 975.2485, 613.6126)
(681.2971, 392.1309, 974.8579, 615.5679)
(682.9912, 391.05615, 970.69354, 617.6899)
(682.9335, 390.37643, 970.407, 618.537)
(682.4594, 390.7616, 969.49756, 618.104)
(682.50824, 391.3245, 968.22687, 618.0413)
(682.6293, 389.6185, 965.87384, 617.80005)
(681.869, 390.75586, 966.3842, 617.2781)
(680.61774, 391.5864, 965.8143, 617.3433)
(681.5017, 389.6418, 965.6907, 617.3502)
(681.09644, 389.3099, 965.2067, 618.89923)
(682.53815, 390.02457, 964.53436, 620.0791)
(684.797, 389.17694, 961.80414, 621.79095)
(681.9707, 388.87524, 964.1121, 623.59607)
(679.54285, 388.669, 962.5259, 624.22925)
(678.7909, 386.6096, 961.84863, 625.11017)
(678.57733, 388.769, 960.3216, 621.9509)
(674.9869, 389.7703, 960.4453, 622.5329)
(676.0443, 386.2016, 957.15704, 621.913)
(676.52136, 386.33347, 956.1209, 622.3218)
(677.3409, 385.9498, 955.249, 622.87537)
(678.66064, 385.0366, 954.57916, 624.0752)
(679.6539, 385.46875, 954.43414, 625.5108)
(682.2547, 383.76324, 954.4851, 627.3726)
(683.5108, 384.31982, 953.67737, 627.81165)
(687.3486, 383.44022, 953.25433, 628.92084)
(687.7168, 383.2838, 952.4457, 632.16034)
(687.15796, 382.68774, 952.65564, 633.22095)
(686.6788, 381.9391, 952.27026, 634.91516)
(688.2189, 381.96414, 951.8016, 634.9859)
(689.21954, 381.42645, 951.6527, 637.50165)
(689.2574, 381.72574, 952.47955, 637.1209)
(688.87775, 382.54266, 950.6455, 636.1656)
(688.0384, 383.02502, 950.2343, 636.69165)
(685.1933, 383.6365, 946.65436, 636.0155)
(685.64233, 384.03735, 945.80493, 634.9664)
(685.3972, 384.527, 944.5976, 634.6173)
(685.95056, 384.1653, 943.2733, 635.2352)
(685.39, 384.81616, 941.71, 635.55383)
(685.00696, 384.34525, 940.5042, 637.13684)
(685.9727, 382.25174, 939.78577, 639.76276)
(689.0422, 381.01865, 938.77026, 639.2856)
(690.865, 381.6887, 937.4117, 640.2299)
(690.46545, 382.16312, 937.14056, 641.921)
(690.8401, 381.48087, 936.95245, 644.8779)
(689.4103, 381.19818, 937.04156, 645.6374)
(688.6155, 379.78543, 933.8088, 648.5613)
(688.76337, 383.3685, 934.3982, 648.6899)
(688.45233, 383.5782, 923.8852, 650.3633)
(686.65894, 382.46988, 921.8874, 654.14746)
(687.41736, 374.05737, 916.2862, 657.684)
(686.8975, 371.45276, 913.521, 658.82043)
(686.78064, 371.26227, 910.31024, 660.50116)
(686.3323, 370.233, 910.4079, 658.9454)
(685.2935, 372.40314, 909.2608, 656.12933)
(684.46454, 376.11047, 910.98846, 655.2189)
(683.3775, 377.16992, 908.8848, 656.46545)
(682.1691, 381.6375, 911.3593, 655.30536)
(682.70514, 377.46115, 913.73334, 658.8379)
(682.5942, 378.20435, 913.8107, 660.3666)
(682.6248, 379.50632, 911.6207, 662.40424)
(683.0036, 379.92416, 912.6929, 663.1273)
(682.3468, 382.42737, 912.10156, 662.70953)
(681.0038, 382.92114, 910.3736, 662.06134)
(678.31146, 383.5153, 908.281, 661.66785)
(675.20685, 380.67798, 907.26447, 664.13885)
(673.68036, 381.56485, 904.98663, 663.61316)
(673.52295, 383.40756, 904.4239, 664.5245)
(673.5987, 383.92163, 902.9133, 664.641)
(673.9184, 383.9903, 902.884, 664.1398)
(675.64624, 384.6006, 902.48645, 665.2608)
(675.89526, 384.4616, 902.0855, 666.62665)
(674.7123, 383.9178, 900.4016, 666.09155)
(674.3989, 384.03348, 899.8696, 666.4232)
(675.2466, 384.35748, 899.3091, 665.9962)
(676.93146, 385.1681, 898.34406, 668.2015)
(676.72766, 385.28134, 898.13165, 667.68317)
(676.725, 385.34656, 897.9163, 668.33905)
(676.67316, 384.9865, 897.55286, 670.56836)
(677.7069, 384.921, 896.9897, 672.9358)
(677.7392, 386.03458, 896.48724, 673.2676)
(677.2123, 388.64493, 895.4082, 675.40826)
(678.19464, 387.58493, 894.9657, 675.94794)
(677.29626, 388.2549, 894.55664, 678.0697)
(677.512, 387.42783, 892.708, 679.1614)
(678.7419, 387.7339, 892.5274, 679.6097)
(678.27155, 388.31686, 891.62396, 681.7669)
(679.0485, 389.53906, 890.19855, 681.34906)
(679.0982, 390.0504, 889.4262, 681.8528)
(678.8037, 390.5105, 889.2601, 682.3698)
(679.3031, 392.02713, 888.0721, 681.54694)
(679.7339, 390.20972, 888.32825, 681.9956)
(680.6504, 391.33978, 888.7369, 680.4902)
(679.46405, 391.55978, 889.18823, 681.6385)
(678.9762, 391.76385, 889.70844, 680.71216)
(678.6016, 391.39087, 888.69434, 680.91724)
(678.6642, 391.30994, 888.6847, 681.3625)
(678.97485, 391.75964, 887.64856, 680.944)
(678.60596, 391.72977, 887.0754, 680.756)
(678.7237, 391.05722, 887.4623, 682.71674)
(679.0056, 391.91382, 886.5097, 680.70026)
(679.75055, 391.67065, 885.7843, 683.3514)
(679.418, 390.68082, 885.20135, 682.08594)
(680.4993, 389.37698, 884.8919, 683.0)
(682.4141, 389.6753, 884.68884, 685.5777)
(682.7735, 388.88092, 884.29254, 685.2069)
(682.4418, 389.6447, 884.6901, 685.7607)
(680.19806, 390.29996, 884.5915, 682.685)
(680.7588, 390.3248, 885.51355, 683.2424)
(680.7596, 391.38882, 885.6312, 683.1668)
(680.4666, 392.16565, 886.2188, 683.1005)
(681.3393, 391.76166, 886.4338, 683.5032)
(681.69617, 392.6588, 886.3861, 683.33704)
(681.4221, 393.24835, 886.6805, 682.30115)
(680.94476, 393.2461, 886.80865, 681.6762)
(681.54675, 393.01657, 887.0127, 682.1725)
(682.1583, 392.37546, 887.0854, 682.81195)
(681.7771, 392.60587, 887.74084, 683.4473)
(680.99475, 391.64557, 887.73926, 683.63184)
(680.376, 392.0863, 887.94244, 684.1663)
(681.36005, 393.15448, 888.48645, 683.6548)
(681.58496, 392.9489, 888.39886, 683.5444)
(680.82043, 393.14926, 888.52454, 680.9585)
(681.2179, 393.24283, 888.3088, 683.44)
(681.0205, 393.43085, 888.58514, 682.83545)
(680.3416, 394.3565, 890.5139, 680.5589)
(680.2901, 394.41898, 890.5011, 681.9267)
(680.2583, 394.53476, 890.7619, 681.9629)
(679.92725, 394.1238, 890.9788, 682.34314)
(679.7867, 394.05154, 891.0508, 682.4871)
(680.0735, 393.9201, 891.29254, 681.0878)
(681.36884, 392.16928, 891.87823, 682.7433)
(680.7281, 393.40323, 890.68695, 683.5422)
(681.0193, 392.67084, 890.7805, 684.2397)
(681.2547, 391.83774, 890.59357, 687.39844)
(681.65845, 391.65878, 890.3696, 688.01605)
(682.71484, 391.88834, 890.7526, 687.61316)
(682.8176, 392.0966, 890.3124, 687.38226)
(683.6323, 391.50827, 890.73035, 689.3732)
(683.6289, 391.03122, 890.2314, 690.00385)
(683.5016, 390.50977, 891.5796, 688.39514)
(683.6199, 390.37164, 892.0848, 687.4933)
(683.64575, 390.8658, 890.12976, 689.46497)
(683.3318, 390.75604, 891.1585, 687.92444)
(684.08234, 390.59445, 889.178, 690.05505)
(683.92346, 390.88113, 887.44244, 689.84595)
(685.54974, 391.2896, 891.2211, 687.5062)
(684.31604, 392.73938, 889.9407, 688.80237)
(684.5188, 392.2631, 887.7803, 688.46045)
(683.991, 393.02655, 890.53326, 688.5352)
(683.0716, 391.9529, 888.02576, 688.0418)
(683.84674, 390.89032, 890.78503, 687.10443)
(683.6659, 391.09473, 890.3218, 688.9345)
(683.75024, 391.11874, 889.1913, 689.015)
(683.5055, 391.2374, 887.846, 690.35126)
(684.34143, 391.63385, 887.22974, 689.4433)
(684.99426, 391.45844, 888.0277, 690.8077)
(684.8021, 392.05508, 888.1096, 689.61316)
(685.88934, 389.42288, 888.5862, 689.2994)
(685.68054, 388.79645, 888.8123, 689.3257)
(684.6031, 389.4243, 885.47797, 691.0814)
(684.5179, 388.02692, 886.127, 691.8937)
(684.4285, 387.182, 885.9983, 690.5687)
(685.23315, 387.68433, 885.97015, 689.9338)
(685.5503, 387.2609, 886.6681, 688.76697)
(685.74866, 386.7409, 886.72156, 688.4896)
(685.09106, 385.9479, 887.04156, 688.9361)
(684.7437, 385.09015, 887.36487, 690.448)
(684.4046, 384.71863, 887.23914, 690.9947)
(684.5994, 385.1823, 887.0536, 690.5994)
(685.517, 385.02686, 885.47095, 690.855)
(685.581, 385.15942, 885.7317, 689.6457)
(685.1652, 385.46817, 886.049, 689.10016)
(685.01495, 385.39893, 885.56793, 689.7865)
(684.4983, 384.55313, 887.14, 691.78265)
(685.5999, 384.15253, 886.4238, 688.9406)
(685.3145, 384.02814, 886.5938, 688.54456)
(684.665, 384.4699, 886.8962, 687.5082)
(683.9502, 384.07947, 887.59717, 685.8033)
(684.2734, 384.07837, 886.895, 686.47064)
(683.8254, 383.85425, 887.53937, 685.0684)
(683.7226, 383.36203, 887.5488, 686.1143)
(683.3832, 382.53738, 887.90314, 685.59485)
(683.9547, 382.70358, 887.47235, 685.30316)
(684.2059, 382.5825, 887.0383, 685.7084)
(684.1426, 382.6863, 887.21826, 685.07654)
(683.95966, 382.44934, 886.9998, 685.578)
