(751.28, 406.75, 1037.63, 600.12)
(751.28, 406.75, 1037.38, 600.1800000000001)
(751.28, 406.75, 1037.1399999999999, 600.23)
(751.28, 406.75, 1036.9, 600.29)
(751.28, 406.75, 1036.6599999999999, 600.35)
(751.28, 406.75, 1036.4099999999999, 600.41)
(751.28, 406.75, 1036.17, 600.47)
(751.28, 406.75, 1035.9299999999998, 600.53)
(751.28, 406.75, 1035.69, 600.58)
(751.28, 406.75, 1035.44, 600.64)
(751.28, 406.75, 1035.2, 600.7)
(750.3, 406.57, 1036.48, 601.01)
(749.32, 406.38, 1037.76, 601.3199999999999)
(748.34, 406.2, 1039.04, 601.63)
(747.36, 406.02, 1040.32, 601.9399999999999)
(746.38, 405.83, 1041.6, 602.25)
(745.4, 405.65, 1042.88, 602.56)
(744.43, 405.47, 1044.1599999999999, 602.87)
(743.45, 405.28, 1045.44, 603.18)
(742.47, 405.1, 1046.72, 603.49)
(741.49, 404.92, 1048.0, 603.8)
(741.25, 404.85, 1047.38, 603.5600000000001)
(741.0, 404.79, 1046.77, 603.32)
(740.76, 404.73, 1046.15, 603.08)
(740.51, 404.67, 1045.53, 602.84)
(740.27, 404.61, 1044.92, 602.6)
(740.02, 404.55, 1044.3, 602.36)
(739.78, 404.49, 1043.69, 602.12)
(739.53, 404.43, 1043.07, 601.88)
(739.29, 404.37, 1042.45, 601.64)
(739.04, 404.3, 1041.84, 601.4)
(738.92, 404.61, 1041.47, 600.9100000000001)
(738.8, 404.92, 1041.11, 600.4200000000001)
(738.68, 405.23, 1040.75, 599.9300000000001)
(738.56, 405.54, 1040.3799999999999, 599.44)
(738.43, 405.85, 1040.02, 598.95)
(738.31, 406.16, 1039.6499999999999, 598.46)
(738.19, 406.47, 1039.29, 597.98)
(738.07, 406.78, 1038.93, 597.49)
(737.94, 407.09, 1038.56, 597.0)
(737.82, 407.4, 1038.2, 596.51)
(738.13, 407.4, 1038.51, 596.51)
(738.43, 407.4, 1038.81, 596.51)
(738.74, 407.4, 1039.12, 596.51)
(739.05, 407.4, 1039.42, 596.51)
(739.35, 407.4, 1039.73, 596.51)
(739.66, 407.4, 1040.04, 596.51)
(739.96, 407.4, 1040.3400000000001, 596.51)
(740.27, 407.4, 1040.65, 596.51)
(740.58, 407.4, 1040.95, 596.51)
(740.88, 407.4, 1041.26, 596.51)
(740.88, 407.5, 1041.24, 596.34)
(740.88, 407.61, 1041.22, 596.1800000000001)
(740.88, 407.71, 1041.2, 596.02)
(740.88, 407.81, 1041.18, 595.85)
(740.88, 407.92, 1041.17, 595.69)
(740.88, 408.02, 1041.15, 595.53)
(740.88, 408.12, 1041.13, 595.36)
(740.88, 408.23, 1041.1100000000001, 595.2)
(740.88, 408.33, 1041.09, 595.04)
(740.88, 408.43, 1041.07, 594.87)
(740.88, 408.54, 1041.05, 594.71)
(740.88, 408.64, 1041.04, 594.54)
(740.88, 408.74, 1041.02, 594.38)
(740.88, 408.85, 1041.0, 594.22)
(740.88, 408.95, 1040.98, 594.05)
(740.88, 409.05, 1040.96, 593.89)
(740.88, 409.16, 1040.94, 593.73)
(740.88, 409.26, 1040.92, 593.56)
(740.88, 409.36, 1040.9, 593.4)
(740.88, 409.47, 1040.8899999999999, 593.24)
(740.88, 409.57, 1040.87, 593.0699999999999)
(740.88, 409.67, 1040.85, 592.9100000000001)
(740.88, 409.78, 1040.83, 592.75)
(740.88, 409.88, 1040.81, 592.5799999999999)
(740.88, 409.98, 1040.79, 592.4200000000001)
(740.88, 410.09, 1040.77, 592.25)
(740.88, 410.19, 1040.76, 592.09)
(740.88, 410.29, 1040.74, 591.9300000000001)
(740.88, 410.4, 1040.72, 591.76)
(740.88, 410.5, 1040.7, 591.6)
(740.82, 410.87, 1040.8200000000002, 592.8199999999999)
(740.76, 411.23, 1040.94, 594.04)
(740.7, 411.6, 1041.06, 595.26)
(740.64, 411.97, 1041.18, 596.48)
(740.58, 412.33, 1041.3000000000002, 597.7)
(740.52, 412.7, 1041.42, 598.92)
(740.45, 413.07, 1041.54, 600.14)
(740.39, 413.44, 1041.6599999999999, 601.36)
(740.33, 413.8, 1041.78, 602.58)
(740.27, 414.17, 1041.9, 603.8)
(740.27, 414.17, 1043.12, 604.1700000000001)
(740.27, 414.17, 1044.34, 604.54)
(740.27, 414.17, 1045.56, 604.9100000000001)
(740.27, 414.17, 1046.78, 605.28)
(740.27, 414.17, 1048.0, 605.65)
(740.27, 414.17, 1049.22, 606.02)
(740.27, 414.17, 1050.44, 606.39)
(740.27, 414.17, 1051.6599999999999, 606.76)
(740.27, 414.17, 1052.88, 607.13)
(740.27, 414.17, 1054.1, 607.5)
(740.27, 413.8, 1053.3, 607.81)
(740.27, 413.44, 1052.5, 608.12)
(740.27, 413.07, 1051.7, 608.4300000000001)
(740.27, 412.7, 1050.9, 608.74)
(740.27, 412.33, 1050.1, 609.05)
(740.27, 411.97, 1049.3, 609.36)
(740.27, 411.6, 1048.5, 609.6700000000001)
(740.27, 411.23, 1047.7, 609.98)
(740.27, 410.87, 1046.9, 610.29)
(740.27, 410.5, 1046.1, 610.6)
(740.3, 410.07, 1046.1299999999999, 610.17)
(740.33, 409.64, 1046.16, 609.74)
(740.36, 409.22, 1046.19, 609.32)
(740.39, 408.79, 1046.22, 608.89)
(740.42, 408.36, 1046.25, 608.46)
(740.45, 407.93, 1046.28, 608.03)
(740.49, 407.5, 1046.31, 607.6)
(740.52, 407.07, 1046.34, 607.17)
(740.55, 406.65, 1046.3799999999999, 606.75)
(740.58, 406.22, 1046.41, 606.32)
(740.61, 405.79, 1046.44, 605.89)
(740.64, 405.36, 1046.47, 605.46)
(740.67, 404.93, 1046.5, 605.03)
(740.7, 404.5, 1046.53, 604.6)
(740.73, 404.08, 1046.56, 604.18)
(740.76, 403.65, 1046.59, 603.75)
(740.79, 403.22, 1046.62, 603.32)
(740.82, 402.79, 1046.65, 602.89)
(740.85, 402.36, 1046.68, 602.46)
(740.88, 401.94, 1046.71, 602.04)
(740.94, 401.9, 1047.17, 602.16)
(741.01, 401.87, 1047.63, 602.28)
(741.07, 401.84, 1048.0900000000001, 602.41)
(741.13, 401.81, 1048.55, 602.53)
(741.19, 401.78, 1049.01, 602.65)
(741.25, 401.75, 1049.47, 602.77)
(741.31, 401.72, 1049.9299999999998, 602.9000000000001)
(741.37, 401.69, 1050.3899999999999, 603.02)
(741.43, 401.66, 1050.85, 603.14)
(741.5, 401.63, 1051.31, 603.27)
(741.56, 401.6, 1051.77, 603.39)
(741.62, 401.57, 1052.22, 603.51)
(741.68, 401.54, 1052.6799999999998, 603.64)
(741.74, 401.51, 1053.1399999999999, 603.76)
(741.8, 401.48, 1053.6, 603.88)
(741.86, 401.44, 1054.06, 604.01)
(741.92, 401.41, 1054.52, 604.13)
(741.98, 401.38, 1054.98, 604.25)
(742.05, 401.35, 1055.44, 604.38)
(742.11, 401.32, 1055.9, 604.5)
(741.86, 401.51, 1055.32, 605.0799999999999)
(741.62, 401.69, 1054.74, 605.66)
(741.37, 401.87, 1054.16, 606.24)
(741.13, 402.06, 1053.58, 606.8199999999999)
(740.88, 402.24, 1053.0, 607.4)
(740.64, 402.42, 1052.42, 607.98)
(740.39, 402.61, 1051.84, 608.56)
(740.15, 402.79, 1051.26, 609.14)
(739.9, 402.97, 1050.6799999999998, 609.72)
(739.66, 403.16, 1050.1, 610.3)
(739.42, 403.34, 1049.52, 610.88)
(739.17, 403.52, 1048.94, 611.46)
(738.93, 403.71, 1048.36, 612.04)
(738.68, 403.89, 1047.78, 612.62)
(738.44, 404.07, 1047.2, 613.2)
(738.19, 404.26, 1046.6200000000001, 613.78)
(737.95, 404.44, 1046.04, 614.36)
(737.7, 404.63, 1045.46, 614.94)
(737.46, 404.81, 1044.88, 615.52)
(737.21, 404.99, 1044.3, 616.1)
(737.21, 404.99, 1044.28, 615.77)
(737.21, 404.99, 1044.26, 615.45)
(737.21, 404.99, 1044.24, 615.12)
(737.21, 404.99, 1044.22, 614.79)
(737.21, 404.99, 1044.2, 614.47)
(737.21, 404.99, 1044.18, 614.14)
(737.21, 404.99, 1044.16, 613.81)
(737.21, 404.99, 1044.14, 613.49)
(737.21, 404.99, 1044.1200000000001, 613.16)
(737.21, 404.99, 1044.1, 612.83)
(737.21, 404.99, 1044.08, 612.51)
(737.21, 404.99, 1044.06, 612.1800000000001)
(737.21, 404.99, 1044.04, 611.85)
(737.21, 404.99, 1044.02, 611.53)
(737.21, 404.99, 1044.0, 611.2)
(737.21, 404.99, 1043.98, 610.87)
(737.21, 404.99, 1043.96, 610.55)
(737.21, 404.99, 1043.94, 610.22)
(737.21, 404.99, 1043.92, 609.89)
(737.21, 404.99, 1043.9, 609.57)
(737.21, 404.99, 1043.88, 609.24)
(737.21, 404.99, 1043.8600000000001, 608.91)
(737.21, 404.99, 1043.8400000000001, 608.59)
(737.21, 404.99, 1043.8200000000002, 608.26)
(737.21, 404.99, 1043.8, 607.9300000000001)
(737.21, 404.99, 1043.78, 607.61)
(737.21, 404.99, 1043.76, 607.28)
(737.21, 404.99, 1043.74, 606.95)
(737.21, 404.99, 1043.72, 606.63)
(737.21, 404.99, 1043.7, 606.3)
(737.95, 405.38, 1042.21, 605.71)
(738.68, 405.77, 1040.72, 605.12)
(739.42, 406.15, 1039.23, 604.53)
(740.15, 406.54, 1037.74, 603.94)
(740.88, 406.93, 1036.25, 603.35)
(741.62, 407.32, 1034.76, 602.76)
(742.35, 407.7, 1033.27, 602.17)
(743.09, 408.09, 1031.78, 601.5799999999999)
(743.82, 408.48, 1030.29, 600.99)
(744.55, 408.87, 1028.8, 600.4)
(745.29, 409.25, 1027.31, 599.81)
(746.02, 409.64, 1025.82, 599.22)
(746.76, 410.03, 1024.33, 598.63)
(747.49, 410.42, 1022.84, 598.04)
(748.22, 410.8, 1021.35, 597.45)
(748.96, 411.19, 1019.86, 596.86)
(749.69, 411.58, 1018.3700000000001, 596.27)
(750.43, 411.97, 1016.8799999999999, 595.6800000000001)
(751.16, 412.35, 1015.39, 595.09)
(751.89, 412.74, 1013.9, 594.5)
(752.63, 413.13, 1012.41, 593.91)
(753.36, 413.52, 1010.9200000000001, 593.3199999999999)
(754.1, 413.9, 1009.4300000000001, 592.73)
(754.83, 414.29, 1007.94, 592.14)
(755.56, 414.68, 1006.4499999999999, 591.55)
(756.3, 415.07, 1004.9599999999999, 590.96)
(757.03, 415.45, 1003.47, 590.37)
(757.77, 415.84, 1001.98, 589.78)
(758.5, 416.23, 1000.49, 589.19)
(759.23, 416.62, 999.0, 588.6)
(759.23, 416.62, 998.35, 589.46)
(759.23, 416.62, 997.69, 590.31)
(759.23, 416.62, 997.04, 591.1700000000001)
(759.23, 416.62, 996.39, 592.03)
(759.23, 416.62, 995.73, 592.88)
(759.23, 416.62, 995.08, 593.74)
(759.23, 416.62, 994.4300000000001, 594.6)
(759.23, 416.62, 993.77, 595.45)
(759.23, 416.62, 993.12, 596.31)
(759.23, 416.62, 992.47, 597.1700000000001)
(759.23, 416.62, 991.8100000000001, 598.02)
(759.23, 416.62, 991.1600000000001, 598.88)
(759.23, 416.62, 990.51, 599.74)
(759.23, 416.62, 989.85, 600.59)
(759.23, 416.62, 989.2, 601.45)
(759.23, 416.62, 988.55, 602.31)
(759.23, 416.62, 987.89, 603.16)
(759.23, 416.62, 987.24, 604.02)
(759.23, 416.62, 986.59, 604.88)
(759.23, 416.62, 985.9300000000001, 605.73)
(759.23, 416.62, 985.28, 606.59)
(759.23, 416.62, 984.63, 607.45)
(759.23, 416.62, 983.97, 608.3)
(759.23, 416.62, 983.32, 609.16)
(759.23, 416.62, 982.6700000000001, 610.02)
(759.23, 416.62, 982.01, 610.87)
(759.23, 416.62, 981.36, 611.73)
(759.23, 416.62, 980.71, 612.59)
(759.23, 416.62, 980.05, 613.44)
(759.23, 416.62, 979.4, 614.3)
(759.23, 416.62, 979.4, 614.69)
(759.23, 416.62, 979.4, 615.0699999999999)
(759.23, 416.62, 979.4, 615.46)
(759.23, 416.62, 979.4, 615.85)
(759.23, 416.62, 979.4, 616.23)
(759.23, 416.62, 979.4, 616.62)
(759.23, 416.62, 979.4, 617.01)
(759.23, 416.62, 979.4, 617.39)
(759.23, 416.62, 979.4, 617.78)
(759.23, 416.62, 979.4, 618.1700000000001)
(759.23, 416.62, 979.4, 618.55)
(759.23, 416.62, 979.4, 618.94)
(759.23, 416.62, 979.4, 619.33)
(759.23, 416.62, 979.4, 619.71)
(759.23, 416.62, 979.4, 620.1)
(759.23, 416.62, 979.4, 620.49)
(759.23, 416.62, 979.4, 620.87)
(759.23, 416.62, 979.4, 621.26)
(759.23, 416.62, 979.4, 621.65)
(759.23, 416.62, 979.4, 622.03)
(759.23, 416.62, 979.4, 622.4200000000001)
(759.23, 416.62, 979.4, 622.81)
(759.23, 416.62, 979.4, 623.19)
(759.23, 416.62, 979.4, 623.58)
(759.23, 416.62, 979.4, 623.97)
(759.23, 416.62, 979.4, 624.35)
(759.23, 416.62, 979.4, 624.74)
(759.23, 416.62, 979.4, 625.13)
(759.23, 416.62, 979.4, 625.51)
(759.23, 416.62, 979.4, 625.9)
(759.23, 416.62, 979.4, 626.29)
(759.23, 416.62, 979.4, 626.6700000000001)
(759.23, 416.62, 979.4, 627.06)
(759.23, 416.62, 979.4, 627.45)
(759.23, 416.62, 979.4, 627.83)
(759.23, 416.62, 979.4, 628.22)
(759.23, 416.62, 979.4, 628.61)
(759.23, 416.62, 979.4, 628.99)
(759.23, 416.62, 979.4, 629.38)
(759.23, 416.62, 979.4, 629.77)
(759.23, 416.62, 979.4, 630.15)
(759.23, 416.62, 979.4, 630.54)
(759.23, 416.62, 979.4, 630.9300000000001)
(759.23, 416.62, 979.4, 631.31)
(759.23, 416.62, 979.4, 631.7)
(759.23, 416.62, 979.4, 632.09)
(759.23, 416.62, 979.4, 632.47)
(759.23, 416.62, 979.4, 632.86)
(759.23, 416.62, 979.4, 633.25)
(759.23, 416.62, 979.4, 633.63)
(759.23, 416.62, 979.4, 634.02)
(759.23, 416.62, 979.4, 634.41)
(759.23, 416.62, 979.4, 634.79)
(759.23, 416.62, 979.4, 635.1800000000001)
(759.23, 416.62, 979.4, 635.5699999999999)
(759.23, 416.62, 979.4, 635.95)
(759.23, 416.62, 979.4, 636.34)
(759.23, 416.62, 979.4, 636.73)
(759.23, 416.62, 979.4, 637.11)
(759.23, 416.62, 979.4, 637.5)
(759.07, 416.52, 980.6700000000001, 637.1)
(758.9, 416.43, 981.9399999999999, 636.71)
(758.73, 416.34, 983.21, 636.31)
(758.56, 416.25, 984.4799999999999, 635.91)
(758.39, 416.16, 985.75, 635.51)
(758.23, 416.06, 987.02, 635.12)
(758.06, 415.97, 988.29, 634.72)
(757.89, 415.88, 989.56, 634.3199999999999)
(757.72, 415.79, 990.83, 633.9200000000001)
(757.55, 415.7, 992.0999999999999, 633.53)
(757.38, 415.61, 993.37, 633.13)
(757.22, 415.51, 994.64, 632.73)
(757.05, 415.42, 995.91, 632.33)
(756.88, 415.33, 997.1800000000001, 631.94)
(756.71, 415.24, 998.45, 631.54)
(756.54, 415.15, 999.72, 631.14)
(756.37, 415.06, 1000.99, 630.74)
(756.21, 414.96, 1002.26, 630.3499999999999)
(756.04, 414.87, 1003.53, 629.95)
(755.87, 414.78, 1004.8, 629.55)
(755.7, 414.69, 1006.07, 629.15)
(755.53, 414.6, 1007.3399999999999, 628.76)
(755.37, 414.51, 1008.61, 628.36)
(755.2, 414.41, 1009.8800000000001, 627.96)
(755.03, 414.32, 1011.15, 627.56)
(754.86, 414.23, 1012.4200000000001, 627.1700000000001)
(754.69, 414.14, 1013.69, 626.77)
(754.52, 414.05, 1014.96, 626.37)
(754.36, 413.95, 1016.23, 625.97)
(754.19, 413.86, 1017.5, 625.58)
(754.02, 413.77, 1018.77, 625.18)
(753.85, 413.68, 1020.04, 624.78)
(753.68, 413.59, 1021.31, 624.38)
(753.52, 413.5, 1022.5799999999999, 623.99)
(753.35, 413.4, 1023.85, 623.5899999999999)
(753.18, 413.31, 1025.12, 623.19)
(753.01, 413.22, 1026.3899999999999, 622.79)
(752.84, 413.13, 1027.66, 622.4)
(752.67, 413.04, 1028.9299999999998, 622.0)
(752.51, 412.95, 1030.2, 621.6)
(751.47, 412.64, 1031.3600000000001, 620.3199999999999)
(750.43, 412.33, 1032.52, 619.04)
(749.39, 412.03, 1033.68, 617.76)
(748.35, 411.72, 1034.8400000000001, 616.48)
(747.31, 411.42, 1036.0, 615.2)
(746.27, 411.11, 1037.1599999999999, 613.9200000000001)
(745.23, 410.8, 1038.32, 612.64)
(744.19, 410.5, 1039.48, 611.36)
(743.15, 410.19, 1040.6399999999999, 610.0799999999999)
(742.11, 409.88, 1041.8, 608.8)
(741.8, 410.1, 1042.6, 607.52)
(741.5, 410.31, 1043.3899999999999, 606.23)
(741.19, 410.53, 1044.19, 604.9499999999999)
(740.88, 410.74, 1044.98, 603.66)
(740.58, 410.96, 1045.78, 602.38)
(740.27, 411.17, 1046.57, 601.09)
(739.97, 411.38, 1047.37, 599.81)
(739.66, 411.6, 1048.1599999999999, 598.52)
(739.35, 411.81, 1048.96, 597.24)
(739.05, 412.03, 1049.75, 595.9499999999999)
(738.74, 412.24, 1050.55, 594.6700000000001)
(738.44, 412.45, 1051.3400000000001, 593.38)
(738.13, 412.67, 1052.1399999999999, 592.1)
(737.83, 412.88, 1052.93, 590.81)
(737.52, 413.1, 1053.73, 589.53)
(737.21, 413.31, 1054.52, 588.24)
(736.91, 413.52, 1055.32, 586.96)
(736.6, 413.74, 1056.1100000000001, 585.6700000000001)
(736.3, 413.95, 1056.9099999999999, 584.39)
(735.99, 414.17, 1057.7, 583.1)
(735.44, 414.78, 1057.15, 583.71)
(734.89, 415.39, 1056.6, 584.3199999999999)
(734.34, 416.0, 1056.05, 584.94)
(733.79, 416.61, 1055.5, 585.55)
(733.24, 417.22, 1054.95, 586.1600000000001)
(732.69, 417.84, 1054.4, 586.77)
(732.14, 418.45, 1053.85, 587.38)
(731.59, 419.06, 1053.3, 587.99)
(731.03, 419.67, 1052.74, 588.61)
(730.48, 420.28, 1052.19, 589.22)
(730.48, 420.28, 1051.27, 590.14)
(730.48, 420.28, 1050.3600000000001, 591.05)
(730.48, 420.28, 1049.44, 591.97)
(730.48, 420.28, 1048.52, 592.89)
(730.48, 420.28, 1047.6, 593.81)
(730.48, 420.28, 1046.68, 594.73)
(730.48, 420.28, 1045.76, 595.65)
(730.48, 420.28, 1044.8400000000001, 596.56)
(730.48, 420.28, 1043.92, 597.48)
(730.48, 420.28, 1043.0, 598.4)
(730.48, 420.28, 1043.06, 599.87)
(730.48, 420.28, 1043.12, 601.3399999999999)
(730.48, 420.28, 1043.18, 602.81)
(730.48, 420.28, 1043.24, 604.28)
(730.48, 420.28, 1043.3, 605.75)
(730.48, 420.28, 1043.3600000000001, 607.22)
(730.48, 420.28, 1043.42, 608.6899999999999)
(730.48, 420.28, 1043.48, 610.16)
(730.48, 420.28, 1043.54, 611.63)
(730.48, 420.28, 1043.6, 613.0999999999999)
(730.55, 420.59, 1043.6599999999999, 613.41)
(730.61, 420.89, 1043.72, 613.71)
(730.67, 421.2, 1043.78, 614.02)
(730.73, 421.51, 1043.8400000000001, 614.3199999999999)
(730.79, 421.81, 1043.9099999999999, 614.63)
(730.85, 422.12, 1043.97, 614.94)
(730.91, 422.42, 1044.03, 615.24)
(730.97, 422.73, 1044.0900000000001, 615.55)
(731.04, 423.04, 1044.15, 615.85)
(731.1, 423.34, 1044.21, 616.16)
(731.16, 423.65, 1044.27, 616.46)
(731.22, 423.95, 1044.33, 616.77)
(731.28, 424.26, 1044.4, 617.0799999999999)
(731.34, 424.57, 1044.46, 617.38)
(731.4, 424.87, 1044.52, 617.69)
(731.46, 425.18, 1044.58, 617.99)
(731.53, 425.48, 1044.6399999999999, 618.3)
(731.59, 425.79, 1044.7, 618.61)
(731.65, 426.09, 1044.76, 618.91)
(731.71, 426.4, 1044.8200000000002, 619.22)
(731.99, 426.24, 1044.03, 618.63)
(732.28, 426.07, 1043.24, 618.04)
(732.57, 425.91, 1042.44, 617.45)
(732.85, 425.75, 1041.65, 616.85)
(733.14, 425.58, 1040.85, 616.26)
(733.42, 425.42, 1040.06, 615.6700000000001)
(733.71, 425.26, 1039.27, 615.0799999999999)
(733.99, 425.1, 1038.47, 614.49)
(734.28, 424.93, 1037.6799999999998, 613.9)
(734.56, 424.77, 1036.8799999999999, 613.31)
(734.85, 424.61, 1036.0900000000001, 612.72)
(735.13, 424.44, 1035.29, 612.13)
(735.42, 424.28, 1034.5, 611.54)
(735.7, 424.12, 1033.71, 610.95)
(735.99, 423.95, 1032.91, 610.36)
(736.28, 423.79, 1032.12, 609.77)
(736.56, 423.63, 1031.32, 609.1800000000001)
(736.85, 423.46, 1030.53, 608.5899999999999)
(737.13, 423.3, 1029.74, 608.0)
(737.42, 423.14, 1028.94, 607.41)
(737.7, 422.97, 1028.15, 606.82)
(737.99, 422.81, 1027.35, 606.22)
(738.27, 422.65, 1026.56, 605.63)
(738.56, 422.48, 1025.76, 605.04)
(738.84, 422.32, 1024.97, 604.45)
(739.13, 422.16, 1024.18, 603.86)
(739.42, 422.0, 1023.3799999999999, 603.27)
(739.7, 421.83, 1022.59, 602.68)
(739.99, 421.67, 1021.79, 602.09)
(740.27, 421.51, 1021.0, 601.5)
(740.82, 422.12, 1019.72, 600.7)
(741.37, 422.73, 1018.44, 599.9)
(741.92, 423.34, 1017.16, 599.0999999999999)
(742.47, 423.95, 1015.8800000000001, 598.3)
(743.02, 424.56, 1014.5999999999999, 597.5)
(743.57, 425.18, 1013.32, 596.7)
(744.12, 425.79, 1012.04, 595.9000000000001)
(744.67, 426.4, 1010.76, 595.0999999999999)
(745.23, 427.01, 1009.48, 594.3)
(745.78, 427.62, 1008.2, 593.5)
(745.78, 427.62, 1008.14, 592.64)
(745.78, 427.62, 1008.0799999999999, 591.78)
(745.78, 427.62, 1008.02, 590.9200000000001)
(745.78, 427.62, 1007.96, 590.06)
(745.78, 427.62, 1007.9, 589.2)
(745.78, 427.62, 1007.8399999999999, 588.34)
(745.78, 427.62, 1007.78, 587.48)
(745.78, 427.62, 1007.72, 586.62)
(745.78, 427.62, 1007.66, 585.76)
(745.78, 427.62, 1007.5999999999999, 584.9)
(746.08, 427.56, 1008.1500000000001, 584.53)
(746.39, 427.5, 1008.7, 584.16)
(746.69, 427.44, 1009.25, 583.79)
(747.0, 427.38, 1009.8, 583.42)
(747.3, 427.32, 1010.3499999999999, 583.05)
(747.61, 427.26, 1010.9000000000001, 582.68)
(747.92, 427.19, 1011.4499999999999, 582.31)
(748.22, 427.13, 1012.0, 581.94)
(748.53, 427.07, 1012.55, 581.5699999999999)
(748.83, 427.01, 1013.1, 581.2)
(749.38, 430.38, 1013.53, 582.1800000000001)
(749.93, 433.75, 1013.9599999999999, 583.16)
(750.47, 437.12, 1014.3800000000001, 584.14)
(751.02, 440.49, 1014.81, 585.11)
(751.57, 443.85, 1015.24, 586.09)
(752.11, 447.22, 1015.6700000000001, 587.07)
(752.66, 450.59, 1016.0999999999999, 588.05)
(753.21, 453.96, 1016.53, 589.03)
(753.75, 457.33, 1016.95, 590.01)
(754.3, 460.7, 1017.3799999999999, 590.99)
(755.71, 462.23, 1017.5600000000001, 591.35)
(757.12, 463.76, 1017.75, 591.72)
(758.53, 465.29, 1017.93, 592.09)
(759.94, 466.82, 1018.1200000000001, 592.46)
(761.35, 468.35, 1018.3, 592.82)
(762.76, 469.88, 1018.48, 593.19)
(764.17, 471.41, 1018.67, 593.5600000000001)
(765.58, 472.94, 1018.85, 593.93)
(766.99, 474.47, 1019.03, 594.29)
(768.4, 476.0, 1019.22, 594.66)
(768.89, 476.0, 1019.22, 595.7)
(769.38, 476.0, 1019.22, 596.75)
(769.87, 476.0, 1019.22, 597.79)
(770.36, 476.0, 1019.22, 598.84)
(770.85, 476.0, 1019.22, 599.88)
(771.34, 476.0, 1019.22, 600.92)
(771.83, 476.0, 1019.22, 601.97)
(772.32, 476.0, 1019.22, 603.01)
(772.81, 476.0, 1019.2199999999999, 604.06)
(773.3, 476.0, 1019.2199999999999, 605.1)
(773.3, 473.25, 1019.15, 605.34)
(773.3, 470.5, 1019.0899999999999, 605.59)
(773.3, 467.75, 1019.03, 605.83)
(773.3, 465.0, 1018.9699999999999, 606.08)
(773.3, 462.25, 1018.91, 606.3199999999999)
(773.3, 459.5, 1018.8499999999999, 606.5699999999999)
(773.3, 456.75, 1018.78, 606.81)
(773.3, 454.0, 1018.7199999999999, 607.06)
(773.3, 451.25, 1018.66, 607.3)
(773.3, 448.5, 1018.5999999999999, 607.55)
(774.64, 446.48, 1019.27, 607.9100000000001)
(775.99, 444.46, 1019.94, 608.28)
(777.34, 442.44, 1020.61, 608.65)
(778.68, 440.42, 1021.28, 609.02)
(780.03, 438.4, 1021.9499999999999, 609.38)
(781.37, 436.38, 1022.62, 609.75)
(782.72, 434.36, 1023.29, 610.12)
(784.07, 432.34, 1023.96, 610.48)
(785.41, 430.32, 1024.6299999999999, 610.85)
(786.76, 428.3, 1025.3, 611.22)
(789.69, 425.12, 1025.3600000000001, 613.66)
(792.63, 421.94, 1025.42, 616.11)
(795.57, 418.76, 1025.48, 618.56)
(798.5, 415.58, 1025.54, 621.0)
(801.44, 412.4, 1025.6000000000001, 623.45)
(804.37, 409.22, 1025.66, 625.9000000000001)
(807.31, 406.04, 1025.72, 628.34)
(810.25, 402.86, 1025.78, 630.79)
(813.18, 399.68, 1025.84, 633.24)
(816.12, 396.5, 1025.9, 635.6800000000001)
(816.91, 395.46, 1026.1399999999999, 636.24)
(817.71, 394.42, 1026.38, 636.79)
(818.5, 393.38, 1026.62, 637.34)
(819.3, 392.34, 1026.86, 637.89)
(820.09, 391.3, 1027.1, 638.44)
(820.89, 390.26, 1027.34, 638.99)
(821.68, 389.22, 1027.58, 639.54)
(822.48, 388.18, 1027.82, 640.09)
(823.28, 387.14, 1028.06, 640.64)
(824.07, 386.1, 1028.3, 641.19)
(824.07, 385.67, 1028.6100000000001, 641.19)
(824.07, 385.24, 1028.92, 641.19)
(824.07, 384.81, 1029.23, 641.19)
(824.07, 384.38, 1029.54, 641.19)
(824.07, 383.95, 1029.8500000000001, 641.19)
(824.07, 383.52, 1030.16, 641.19)
(824.07, 383.09, 1030.47, 641.19)
(824.07, 382.66, 1030.78, 641.19)
(824.07, 382.23, 1031.0900000000001, 641.19)
(824.07, 381.8, 1031.4, 641.19)
(827.13, 377.21, 1032.44, 639.3499999999999)
(830.19, 372.62, 1033.48, 637.52)
(833.25, 368.03, 1034.52, 635.68)
(836.3, 363.44, 1035.56, 633.85)
(839.36, 358.85, 1036.6, 632.01)
(842.42, 354.26, 1037.6399999999999, 630.1800000000001)
(845.48, 349.67, 1038.68, 628.34)
(848.54, 345.08, 1039.72, 626.51)
(851.6, 340.49, 1040.76, 624.6700000000001)
(854.66, 335.9, 1041.8, 622.8399999999999)
(855.82, 334.31, 1042.04, 621.61)
(856.98, 332.72, 1042.28, 620.3900000000001)
(858.14, 331.13, 1042.52, 619.1700000000001)
(859.31, 329.54, 1042.76, 617.94)
(860.47, 327.95, 1043.0, 616.72)
(861.63, 326.36, 1043.24, 615.5)
(862.79, 324.77, 1043.48, 614.27)
(863.95, 323.18, 1043.72, 613.05)
(865.12, 321.59, 1043.96, 611.8299999999999)
(866.28, 320.0, 1044.2, 610.6)
(867.01, 320.31, 1044.08, 610.36)
(867.75, 320.62, 1043.96, 610.11)
(868.48, 320.93, 1043.8400000000001, 609.87)
(869.22, 321.24, 1043.72, 609.62)
(869.95, 321.55, 1043.6000000000001, 609.38)
(870.68, 321.86, 1043.48, 609.14)
(871.42, 322.17, 1043.36, 608.8900000000001)
(872.15, 322.48, 1043.24, 608.6500000000001)
(872.89, 322.79, 1043.12, 608.4000000000001)
(873.62, 323.1, 1043.0, 608.1600000000001)
(873.8, 321.51, 1042.8799999999999, 607.1800000000001)
(873.99, 319.92, 1042.76, 606.2)
(874.17, 318.33, 1042.6399999999999, 605.22)
(874.35, 316.74, 1042.52, 604.24)
(874.54, 315.15, 1042.4, 603.26)
(874.72, 313.56, 1042.28, 602.28)
(874.9, 311.97, 1042.1599999999999, 601.3)
(875.09, 310.38, 1042.04, 600.3299999999999)
(875.27, 308.79, 1041.92, 599.35)
(875.46, 307.2, 1041.8, 598.37)
(875.5, 307.27, 1041.84, 598.44)
(875.54, 307.34, 1041.8799999999999, 598.51)
(875.58, 307.41, 1041.92, 598.58)
(875.62, 307.49, 1041.96, 598.6500000000001)
(875.66, 307.56, 1042.0, 598.73)
(875.7, 307.63, 1042.04, 598.8)
(875.74, 307.7, 1042.09, 598.87)
(875.78, 307.77, 1042.1299999999999, 598.94)
(875.82, 307.84, 1042.17, 599.01)
(875.86, 307.91, 1042.21, 599.08)
(875.9, 307.99, 1042.25, 599.1500000000001)
(875.94, 308.06, 1042.29, 599.23)
(875.99, 308.13, 1042.33, 599.3)
(876.03, 308.2, 1042.37, 599.37)
(876.07, 308.27, 1042.41, 599.44)
(876.11, 308.34, 1042.45, 599.51)
(876.15, 308.41, 1042.49, 599.58)
(876.19, 308.49, 1042.53, 599.6500000000001)
(876.23, 308.56, 1042.57, 599.73)
(876.27, 308.63, 1042.62, 599.8)
(876.31, 308.7, 1042.6599999999999, 599.87)
(876.35, 308.77, 1042.7, 599.94)
(876.39, 308.84, 1042.74, 600.01)
(876.43, 308.91, 1042.78, 600.08)
(876.47, 308.99, 1042.82, 600.1500000000001)
(876.52, 309.06, 1042.86, 600.23)
(876.56, 309.13, 1042.8999999999999, 600.3)
(876.6, 309.2, 1042.94, 600.37)
(876.64, 309.27, 1042.98, 600.44)
(876.68, 309.34, 1043.02, 600.51)
(876.72, 309.41, 1043.06, 600.58)
(876.76, 309.49, 1043.11, 600.6500000000001)
(876.8, 309.56, 1043.1499999999999, 600.73)
(876.84, 309.63, 1043.19, 600.8)
(876.88, 309.7, 1043.23, 600.87)
(876.92, 309.77, 1043.27, 600.94)
(876.96, 309.84, 1043.31, 601.01)
(877.01, 309.91, 1043.35, 601.08)
(877.05, 309.98, 1043.3899999999999, 601.1500000000001)
(877.09, 310.06, 1043.43, 601.22)
(877.13, 310.13, 1043.47, 601.3)
(877.17, 310.2, 1043.51, 601.37)
(877.21, 310.27, 1043.55, 601.44)
(877.25, 310.34, 1043.59, 601.51)
(877.29, 310.41, 1043.6399999999999, 601.58)
(877.33, 310.48, 1043.68, 601.6500000000001)
(877.37, 310.56, 1043.72, 601.72)
(877.41, 310.63, 1043.76, 601.8)
(877.45, 310.7, 1043.8, 601.87)
(877.49, 310.77, 1043.84, 601.94)
(877.54, 310.84, 1043.8799999999999, 602.01)
(877.58, 310.91, 1043.92, 602.08)
(877.62, 310.98, 1043.96, 602.1500000000001)
(877.66, 311.06, 1044.0, 602.22)
(877.7, 311.13, 1044.04, 602.3)
(877.74, 311.2, 1044.08, 602.37)
(877.78, 311.27, 1044.12, 602.44)
(877.82, 311.34, 1044.17, 602.51)
(877.86, 311.41, 1044.21, 602.58)
(877.9, 311.48, 1044.25, 602.6500000000001)
(877.9, 311.64, 1044.34, 602.65)
(877.9, 311.79, 1044.43, 602.6500000000001)
(877.9, 311.94, 1044.53, 602.65)
(877.9, 312.09, 1044.62, 602.65)
(877.9, 312.24, 1044.71, 602.6500000000001)
(877.9, 312.39, 1044.8, 602.65)
(877.9, 312.54, 1044.9, 602.6500000000001)
(877.9, 312.69, 1044.99, 602.65)
(877.9, 312.84, 1045.08, 602.65)
(877.9, 312.99, 1045.17, 602.6500000000001)
(877.9, 313.14, 1045.27, 602.65)
(877.9, 313.29, 1045.36, 602.6500000000001)
(877.9, 313.44, 1045.45, 602.65)
(877.9, 313.6, 1045.54, 602.6500000000001)
(877.9, 313.75, 1045.6399999999999, 602.65)
(877.9, 313.9, 1045.73, 602.65)
(877.9, 314.05, 1045.82, 602.6500000000001)
(877.9, 314.2, 1045.9099999999999, 602.65)
(877.9, 314.35, 1046.01, 602.6500000000001)
(877.9, 314.5, 1046.1, 602.65)
(877.92, 314.34, 1046.12, 602.49)
(877.94, 314.17, 1046.14, 602.33)
(877.96, 314.01, 1046.16, 602.16)
(877.98, 313.85, 1046.18, 602.0)
(878.0, 313.68, 1046.2, 601.84)
(878.02, 313.52, 1046.22, 601.67)
(878.04, 313.36, 1046.24, 601.51)
(878.06, 313.19, 1046.26, 601.35)
(878.08, 313.03, 1046.28, 601.18)
(878.1, 312.87, 1046.3, 601.02)
(878.12, 312.71, 1046.32, 600.8599999999999)
(878.14, 312.54, 1046.34, 600.7)
(878.17, 312.38, 1046.36, 600.53)
(878.19, 312.22, 1046.39, 600.37)
(878.21, 312.05, 1046.41, 600.21)
(878.23, 311.89, 1046.43, 600.04)
(878.25, 311.73, 1046.45, 599.88)
(878.27, 311.56, 1046.47, 599.72)
(878.29, 311.4, 1046.49, 599.55)
(878.31, 311.24, 1046.51, 599.39)
(878.33, 311.07, 1046.53, 599.23)
(878.35, 310.91, 1046.55, 599.06)
(878.37, 310.75, 1046.57, 598.9)
(878.39, 310.58, 1046.59, 598.74)
(878.41, 310.42, 1046.61, 598.5699999999999)
(878.43, 310.26, 1046.6299999999999, 598.41)
(878.45, 310.09, 1046.65, 598.25)
(878.47, 309.93, 1046.67, 598.0799999999999)
(878.49, 309.77, 1046.69, 597.92)
(878.51, 309.61, 1046.71, 597.76)
(878.21, 307.64, 1046.5900000000001, 597.15)
(877.9, 305.68, 1046.47, 596.53)
(877.59, 303.72, 1046.35, 595.9200000000001)
(877.29, 301.76, 1046.23, 595.31)
(876.98, 299.8, 1046.1100000000001, 594.7)
(876.68, 297.84, 1045.98, 594.0899999999999)
(876.37, 295.88, 1045.8600000000001, 593.48)
(876.06, 293.92, 1045.74, 592.86)
(875.76, 291.96, 1045.62, 592.25)
(875.45, 290.0, 1045.5, 591.64)
(878.02, 288.96, 1044.52, 591.52)
(880.58, 287.92, 1043.54, 591.3900000000001)
(883.15, 286.88, 1042.56, 591.27)
(885.71, 285.84, 1041.5900000000001, 591.14)
(888.28, 284.8, 1040.61, 591.02)
(890.84, 283.76, 1039.63, 590.9)
(893.41, 282.72, 1038.65, 590.77)
(895.97, 281.68, 1037.67, 590.6500000000001)
(898.54, 280.64, 1036.69, 590.52)
(901.1, 279.6, 1035.71, 590.4000000000001)
(900.92, 278.8, 1035.53, 589.6)
(900.73, 278.01, 1035.35, 588.81)
(900.55, 277.21, 1035.1599999999999, 588.01)
(900.37, 276.42, 1034.98, 587.22)
(900.18, 275.62, 1034.8, 586.4200000000001)
(900.0, 274.83, 1034.6100000000001, 585.63)
(899.82, 274.03, 1034.43, 584.8299999999999)
(899.63, 273.24, 1034.25, 584.04)
(899.45, 272.44, 1034.06, 583.24)
(899.27, 271.65, 1033.88, 582.45)
(899.14, 270.06, 1033.76, 580.86)
(899.02, 268.47, 1033.63, 579.27)
(898.9, 266.87, 1033.51, 577.6800000000001)
(898.78, 265.28, 1033.3899999999999, 576.0799999999999)
(898.65, 263.69, 1033.27, 574.49)
(898.53, 262.1, 1033.1399999999999, 572.9000000000001)
(898.41, 260.51, 1033.02, 571.31)
(898.29, 258.92, 1032.9, 569.72)
(898.17, 257.33, 1032.78, 568.13)
(898.04, 255.74, 1032.6599999999999, 566.54)
(899.45, 255.19, 1032.47, 565.44)
(900.85, 254.64, 1032.29, 564.3299999999999)
(902.26, 254.09, 1032.11, 563.23)
(903.67, 253.54, 1031.92, 562.12)
(905.07, 252.99, 1031.74, 561.02)
(906.48, 252.44, 1031.56, 559.9200000000001)
(907.88, 251.89, 1031.37, 558.81)
(909.29, 251.34, 1031.19, 557.71)
(910.69, 250.78, 1031.01, 556.6)
(912.1, 250.23, 1030.82, 555.5)
(912.1, 247.42, 1031.49, 552.87)
(912.1, 244.61, 1032.17, 550.24)
(912.1, 241.79, 1032.84, 547.61)
(912.1, 238.98, 1033.51, 544.98)
(912.1, 236.16, 1034.19, 542.35)
(912.1, 233.35, 1034.8600000000001, 539.72)
(912.1, 230.54, 1035.53, 537.09)
(912.1, 227.72, 1036.2, 534.46)
(912.1, 224.91, 1036.88, 531.83)
(912.1, 222.09, 1037.55, 529.2)
(913.45, 218.85, 1038.9, 525.96)
(914.79, 215.61, 1040.24, 522.72)
(916.14, 212.37, 1041.59, 519.47)
(917.48, 209.12, 1042.93, 516.23)
(918.83, 205.88, 1044.28, 512.99)
(920.17, 202.64, 1045.62, 509.75)
(921.52, 199.4, 1046.97, 506.5)
(922.87, 196.16, 1048.32, 503.26)
(924.21, 192.91, 1049.66, 500.02)
(925.56, 189.67, 1051.01, 496.78)
(925.62, 188.14, 1051.07, 495.25)
(925.68, 186.61, 1051.1299999999999, 493.72)
(925.74, 185.08, 1051.19, 492.19000000000005)
(925.8, 183.55, 1051.25, 490.66)
(925.86, 182.02, 1051.31, 489.13)
(925.92, 180.49, 1051.37, 487.6)
(925.98, 178.97, 1051.43, 486.07000000000005)
(926.05, 177.44, 1051.5, 484.54)
(926.11, 175.91, 1051.56, 483.01)
(926.17, 174.38, 1051.62, 481.48)
(926.23, 173.49, 1051.56, 480.17)
(926.29, 172.6, 1051.5, 478.85)
(926.35, 171.72, 1051.43, 477.53999999999996)
(926.41, 170.83, 1051.37, 476.23)
(926.48, 169.94, 1051.31, 474.91)
(926.54, 169.05, 1051.25, 473.6)
(926.6, 168.17, 1051.19, 472.28)
(926.66, 167.28, 1051.1299999999999, 470.97)
(926.72, 166.39, 1051.07, 469.65999999999997)
(926.78, 165.51, 1051.01, 468.34)
(926.85, 164.62, 1050.94, 467.03000000000003)
(926.91, 163.73, 1050.8799999999999, 465.71000000000004)
(926.97, 162.84, 1050.82, 464.4)
(927.03, 161.96, 1050.76, 463.08000000000004)
(927.09, 161.07, 1050.7, 461.77)
(927.15, 160.18, 1050.6399999999999, 460.46)
(927.22, 159.3, 1050.58, 459.14)
(927.28, 158.41, 1050.52, 457.83000000000004)
(927.34, 157.52, 1050.45, 456.51)
(927.4, 156.63, 1050.3899999999999, 455.2)
(927.73, 156.68, 1050.72, 455.24)
(928.05, 156.72, 1051.05, 455.28)
(928.38, 156.76, 1051.37, 455.32)
(928.71, 156.8, 1051.7, 455.36)
(929.03, 156.84, 1052.02, 455.4)
(929.36, 156.88, 1052.35, 455.44)
(929.68, 156.92, 1052.6799999999998, 455.49)
(930.01, 156.96, 1053.0, 455.53)
(930.34, 157.0, 1053.33, 455.57)
(930.66, 157.04, 1053.6599999999999, 455.61)
(930.99, 157.08, 1053.98, 455.65)
(931.32, 157.12, 1054.31, 455.69)
(931.64, 157.17, 1054.6399999999999, 455.73)
(931.97, 157.21, 1054.96, 455.77)
(932.29, 157.25, 1055.29, 455.81)
(932.62, 157.29, 1055.61, 455.85)
(932.95, 157.33, 1055.94, 455.89)
(933.27, 157.37, 1056.27, 455.93)
(933.6, 157.41, 1056.59, 455.98)
(933.93, 157.45, 1056.9199999999998, 456.02)
(934.25, 157.49, 1057.25, 456.06)
(934.58, 157.53, 1057.57, 456.1)
(934.91, 157.57, 1057.8999999999999, 456.14)
(935.23, 157.61, 1058.22, 456.18)
(935.56, 157.66, 1058.55, 456.22)
(935.88, 157.7, 1058.88, 456.26)
(936.21, 157.74, 1059.2, 456.3)
(936.54, 157.78, 1059.53, 456.34000000000003)
(936.86, 157.82, 1059.8600000000001, 456.38)
(937.19, 157.86, 1060.18, 456.42)
(936.76, 157.92, 1060.21, 456.78999999999996)
(936.33, 157.98, 1060.24, 457.15999999999997)
(935.9, 158.05, 1060.27, 457.53000000000003)
(935.47, 158.11, 1060.31, 457.89)
(935.04, 158.17, 1060.34, 458.26)
(934.61, 158.23, 1060.3700000000001, 458.63)
(934.18, 158.29, 1060.3999999999999, 458.99)
(933.75, 158.36, 1060.43, 459.36)
(933.32, 158.42, 1060.46, 459.73)
(932.89, 158.48, 1060.49, 460.09000000000003)
(932.47, 158.54, 1060.52, 460.46000000000004)
(932.04, 158.6, 1060.55, 460.83000000000004)
(931.61, 158.67, 1060.58, 461.18999999999994)
(931.18, 158.73, 1060.61, 461.55999999999995)
(930.75, 158.79, 1060.6399999999999, 461.92999999999995)
(930.32, 158.85, 1060.67, 462.28999999999996)
(929.89, 158.91, 1060.7, 462.65999999999997)
(929.46, 158.98, 1060.73, 463.03)
(929.03, 159.04, 1060.77, 463.4)
(928.6, 159.1, 1060.8, 463.76)
(924.44, 158.18, 1060.43, 463.21)
(920.28, 157.26, 1060.06, 462.65999999999997)
(916.12, 156.34, 1059.7, 462.11)
(911.96, 155.42, 1059.33, 461.55999999999995)
(907.8, 154.5, 1058.96, 461.01)
(903.64, 153.58, 1058.59, 460.46000000000004)
(899.48, 152.66, 1058.23, 459.90999999999997)
(895.32, 151.74, 1057.8600000000001, 459.36)
(891.16, 150.82, 1057.49, 458.81)
(887.0, 149.9, 1057.13, 458.26)
(883.09, 150.57, 1057.25, 457.71)
(879.18, 151.24, 1057.37, 457.16)
(875.27, 151.91, 1057.49, 456.61)
(871.36, 152.58, 1057.62, 456.05000000000007)
(867.45, 153.25, 1057.74, 455.5)
(863.54, 153.92, 1057.86, 454.94999999999993)
(859.63, 154.59, 1057.98, 454.4)
(855.72, 155.26, 1058.1100000000001, 453.84999999999997)
(851.81, 155.93, 1058.23, 453.3)
(847.9, 156.6, 1058.35, 452.75)
(844.9, 159.29, 1058.29, 452.31999999999994)
(841.9, 161.98, 1058.23, 451.9)
(838.9, 164.67, 1058.17, 451.47)
(835.9, 167.36, 1058.11, 451.04)
(832.9, 170.05, 1058.04, 450.61)
(829.9, 172.74, 1057.98, 450.18)
(826.9, 175.43, 1057.92, 449.76)
(823.9, 178.12, 1057.86, 449.33)
(820.9, 180.81, 1057.8, 448.9)
(817.9, 183.5, 1057.74, 448.47)
(816.06, 186.07, 1057.74, 448.46999999999997)
(814.22, 188.64, 1057.74, 448.46999999999997)
(812.38, 191.21, 1057.74, 448.47)
(810.54, 193.78, 1057.74, 448.47)
(808.7, 196.35, 1057.74, 448.47)
(806.86, 198.92, 1057.74, 448.47)
(805.02, 201.49, 1057.74, 448.47)
(803.18, 204.06, 1057.74, 448.47)
(801.34, 206.63, 1057.74, 448.47)
(799.5, 209.2, 1057.74, 448.47)
(797.18, 212.5, 1057.62, 448.16999999999996)
(794.86, 215.8, 1057.49, 447.86)
(792.54, 219.1, 1057.37, 447.54999999999995)
(790.22, 222.4, 1057.25, 447.25)
(787.9, 225.7, 1057.13, 446.94)
(785.58, 229.0, 1057.0, 446.64)
(783.26, 232.3, 1056.88, 446.33000000000004)
(780.94, 235.6, 1056.76, 446.03)
(778.62, 238.9, 1056.6399999999999, 445.72)
(776.3, 242.2, 1056.51, 445.40999999999997)
(774.16, 244.46, 1056.45, 445.35)
(772.02, 246.72, 1056.3899999999999, 445.28999999999996)
(769.88, 248.98, 1056.33, 445.23)
(767.74, 251.24, 1056.27, 445.17)
(765.6, 253.5, 1056.21, 445.11)
(763.46, 255.76, 1056.15, 445.04999999999995)
(761.32, 258.02, 1056.08, 444.99)
(759.18, 260.28, 1056.02, 444.91999999999996)
(757.04, 262.54, 1055.96, 444.86)
(754.9, 264.8, 1055.9, 444.8)
(752.7, 269.75, 1055.9, 444.8)
(750.5, 274.7, 1055.9, 444.79999999999995)
(748.3, 279.65, 1055.9, 444.79999999999995)
(746.1, 284.6, 1055.9, 444.8)
(743.9, 289.55, 1055.9, 444.8)
(741.7, 294.5, 1055.9, 444.8)
(739.5, 299.45, 1055.9, 444.79999999999995)
(737.3, 304.4, 1055.9, 444.79999999999995)
(735.1, 309.35, 1055.9, 444.8)
(732.9, 314.3, 1055.9, 444.8)
(733.69, 316.44, 1056.45, 450.73)
(734.48, 318.58, 1057.0, 456.65999999999997)
(735.27, 320.72, 1057.55, 462.59000000000003)
(736.06, 322.86, 1058.1, 468.52)
(736.85, 325.0, 1058.65, 474.45)
(737.64, 327.14, 1059.2, 480.38)
(738.43, 329.28, 1059.76, 486.30999999999995)
(739.22, 331.42, 1060.31, 492.24)
(740.01, 333.56, 1060.8600000000001, 498.17)
(740.8, 335.7, 1061.4099999999999, 504.1)
(740.74, 337.54, 1061.35, 505.94000000000005)
(740.68, 339.37, 1061.28, 507.77)
(740.62, 341.21, 1061.22, 509.61)
(740.56, 343.04, 1061.1599999999999, 511.44000000000005)
(740.49, 344.88, 1061.1, 513.28)
(740.43, 346.71, 1061.04, 515.11)
(740.37, 348.55, 1060.98, 516.95)
(740.31, 350.38, 1060.92, 518.78)
(740.25, 352.22, 1060.8600000000001, 520.62)
(740.19, 354.05, 1060.79, 522.45)
(739.64, 355.46, 1060.37, 526.25)
(739.09, 356.87, 1059.94, 530.04)
(738.54, 358.28, 1059.51, 533.8399999999999)
(737.99, 359.68, 1059.08, 537.63)
(737.44, 361.09, 1058.65, 541.43)
(736.9, 362.5, 1058.23, 545.22)
(736.35, 363.9, 1057.8, 549.02)
(735.8, 365.31, 1057.37, 552.81)
(735.25, 366.72, 1056.94, 556.61)
(734.7, 368.12, 1056.51, 560.4)
(734.15, 370.51, 1055.47, 564.87)
(733.6, 372.9, 1054.43, 569.3399999999999)
(733.05, 375.28, 1053.3899999999999, 573.81)
(732.5, 377.67, 1052.35, 578.28)
(731.95, 380.05, 1051.31, 582.75)
(731.4, 382.44, 1050.27, 587.22)
(730.85, 384.83, 1049.24, 591.69)
(730.3, 387.21, 1048.1999999999998, 596.16)
(729.75, 389.6, 1047.16, 600.63)
(729.2, 391.98, 1046.1200000000001, 605.1)
(729.44, 391.74, 1044.65, 607.3)
(729.68, 391.49, 1043.1799999999998, 609.5)
(729.92, 391.25, 1041.71, 611.7)
(730.16, 391.0, 1040.24, 613.9)
(730.4, 390.76, 1038.78, 616.1)
(730.64, 390.52, 1037.31, 618.3)
(730.88, 390.27, 1035.84, 620.5)
(731.12, 390.03, 1034.37, 622.6999999999999)
(731.36, 389.78, 1032.91, 624.9)
(731.6, 389.54, 1031.44, 627.1)
(730.32, 390.03, 1031.01, 626.06)
(729.04, 390.52, 1030.58, 625.02)
(727.76, 391.01, 1030.15, 623.98)
(726.48, 391.49, 1029.72, 622.94)
(725.2, 391.98, 1029.3000000000002, 621.9)
(723.92, 392.47, 1028.87, 620.86)
(722.64, 392.96, 1028.44, 619.8199999999999)
(721.36, 393.45, 1028.01, 618.78)
(720.08, 393.94, 1027.58, 617.74)
(718.8, 394.43, 1027.1599999999999, 616.7)
(717.39, 394.43, 1027.1599999999999, 613.95)
(715.98, 394.43, 1027.16, 611.2)
(714.57, 394.43, 1027.16, 608.45)
(713.16, 394.43, 1027.1599999999999, 605.7)
(711.75, 394.43, 1027.16, 602.95)
(710.34, 394.43, 1027.16, 600.2)
(708.93, 394.43, 1027.15, 597.45)
(707.52, 394.43, 1027.15, 594.7)
(706.11, 394.43, 1027.15, 591.95)
(704.7, 394.43, 1027.15, 589.2)
(704.15, 394.19, 1027.52, 585.1)
(703.6, 393.94, 1027.89, 581.0)
(703.05, 393.7, 1028.26, 576.9)
(702.5, 393.45, 1028.62, 572.8)
(701.95, 393.21, 1028.99, 568.7)
(701.4, 392.96, 1029.36, 564.5999999999999)
(700.85, 392.72, 1029.72, 560.5)
(700.3, 392.47, 1030.09, 556.4000000000001)
(699.75, 392.23, 1030.46, 552.3)
(699.2, 391.98, 1030.8200000000002, 548.2)
(699.32, 391.8, 1030.95, 548.02)
(699.44, 391.62, 1031.0700000000002, 547.83)
(699.57, 391.43, 1031.19, 547.65)
(699.69, 391.25, 1031.31, 547.47)
(699.81, 391.07, 1031.44, 547.28)
(699.93, 390.88, 1031.56, 547.1)
(700.06, 390.7, 1031.6799999999998, 546.91)
(700.18, 390.52, 1031.8, 546.73)
(700.3, 390.33, 1031.9299999999998, 546.55)
(700.42, 390.15, 1032.05, 546.36)
(699.5, 390.21, 1031.8, 545.3299999999999)
(698.58, 390.27, 1031.56, 544.29)
(697.66, 390.33, 1031.31, 543.25)
(696.73, 390.39, 1031.07, 542.22)
(695.81, 390.45, 1030.82, 541.18)
(694.89, 390.52, 1030.58, 540.15)
(693.97, 390.58, 1030.33, 539.11)
(693.04, 390.64, 1030.09, 538.0699999999999)
(692.12, 390.7, 1029.85, 537.04)
(691.2, 390.76, 1029.6, 536.0)
(690.96, 390.7, 1029.3600000000001, 535.94)
(690.71, 390.64, 1029.1100000000001, 535.88)
(690.47, 390.58, 1028.87, 535.8199999999999)
(690.22, 390.52, 1028.62, 535.76)
(689.98, 390.45, 1028.38, 535.69)
(689.73, 390.39, 1028.13, 535.63)
(689.49, 390.33, 1027.8899999999999, 535.5699999999999)
(689.24, 390.27, 1027.6399999999999, 535.51)
(689.0, 390.21, 1027.4, 535.45)
(688.75, 390.15, 1027.15, 535.39)
(688.69, 390.27, 1027.0900000000001, 535.51)
(688.63, 390.39, 1027.03, 535.63)
(688.57, 390.52, 1026.97, 535.76)
(688.51, 390.64, 1026.9099999999999, 535.88)
(688.45, 390.76, 1026.85, 536.0)
(688.39, 390.88, 1026.79, 536.12)
(688.33, 391.01, 1026.73, 536.25)
(688.27, 391.13, 1026.67, 536.37)
(688.21, 391.25, 1026.6100000000001, 536.49)
(688.14, 391.37, 1026.54, 536.61)
(687.17, 391.8, 1025.57, 537.04)
(686.19, 392.23, 1024.5900000000001, 537.47)
(685.21, 392.66, 1023.61, 537.9000000000001)
(684.23, 393.09, 1022.63, 538.3299999999999)
(683.25, 393.51, 1021.65, 538.75)
(682.27, 393.94, 1020.67, 539.1800000000001)
(681.29, 394.37, 1019.7, 539.61)
(680.32, 394.8, 1018.72, 540.04)
(679.34, 395.23, 1017.74, 540.47)
(678.36, 395.66, 1016.76, 540.9000000000001)
(678.42, 395.32, 1016.51, 540.84)
(678.48, 394.98, 1016.27, 540.78)
(678.55, 394.65, 1016.03, 540.72)
(678.61, 394.31, 1015.78, 540.66)
(678.67, 393.97, 1015.54, 540.6)
(678.73, 393.64, 1015.29, 540.54)
(678.79, 393.3, 1015.05, 540.48)
(678.86, 392.96, 1014.8, 540.42)
(678.92, 392.63, 1014.56, 540.36)
(678.98, 392.29, 1014.31, 540.3)
(679.04, 391.96, 1014.0699999999999, 540.24)
(679.1, 391.62, 1013.82, 540.1800000000001)
(679.17, 391.28, 1013.5799999999999, 540.12)
(679.23, 390.95, 1013.33, 540.06)
(679.29, 390.61, 1013.0899999999999, 540.0)
(679.35, 390.27, 1012.84, 539.9399999999999)
(679.41, 389.94, 1012.5999999999999, 539.88)
(679.48, 389.6, 1012.35, 539.82)
(679.54, 389.26, 1012.1099999999999, 539.76)
(679.6, 388.93, 1011.86, 539.7)
(679.72, 388.99, 1011.99, 539.76)
(679.84, 389.05, 1012.11, 539.82)
(679.97, 389.11, 1012.23, 539.88)
(680.09, 389.17, 1012.35, 539.94)
(680.21, 389.23, 1012.47, 540.01)
(680.33, 389.29, 1012.6, 540.07)
(680.46, 389.36, 1012.72, 540.13)
(680.58, 389.42, 1012.84, 540.19)
(680.7, 389.48, 1012.96, 540.25)
(680.82, 389.54, 1013.09, 540.3100000000001)
(680.95, 389.6, 1013.21, 540.37)
(681.07, 389.66, 1013.33, 540.4300000000001)
(681.19, 389.72, 1013.45, 540.49)
(681.31, 389.78, 1013.5799999999999, 540.56)
(681.44, 389.84, 1013.7, 540.62)
(681.56, 389.91, 1013.8199999999999, 540.6800000000001)
(681.68, 389.97, 1013.9399999999999, 540.74)
(681.8, 390.03, 1014.0699999999999, 540.8)
(681.92, 390.09, 1014.1899999999999, 540.86)
(682.05, 390.15, 1014.31, 540.92)
(681.68, 390.1, 1014.1299999999999, 541.27)
(681.31, 390.06, 1013.9399999999999, 541.62)
(680.95, 390.01, 1013.76, 541.98)
(680.58, 389.97, 1013.58, 542.33)
(680.21, 389.92, 1013.3900000000001, 542.6800000000001)
(679.84, 389.88, 1013.21, 543.03)
(679.48, 389.83, 1013.03, 543.38)
(679.11, 389.78, 1012.84, 543.73)
(678.74, 389.74, 1012.6600000000001, 544.08)
(678.38, 389.69, 1012.47, 544.4300000000001)
(678.01, 389.65, 1012.29, 544.78)
(677.64, 389.6, 1012.11, 545.14)
(677.27, 389.55, 1011.92, 545.49)
(676.91, 389.51, 1011.74, 545.84)
(676.54, 389.46, 1011.56, 546.1899999999999)
(676.17, 389.42, 1011.3699999999999, 546.54)
(675.8, 389.37, 1011.1899999999999, 546.89)
(675.44, 389.32, 1011.01, 547.24)
(675.07, 389.28, 1010.82, 547.5899999999999)
(674.7, 389.23, 1010.6400000000001, 547.94)
(674.34, 389.19, 1010.46, 548.29)
(673.97, 389.14, 1010.27, 548.65)
(673.6, 389.09, 1010.09, 549.0)
(673.23, 389.05, 1009.9100000000001, 549.35)
(672.87, 389.0, 1009.72, 549.7)
(672.5, 388.96, 1009.54, 550.05)
(672.13, 388.91, 1009.36, 550.4000000000001)
(671.77, 388.87, 1009.17, 550.75)
(671.4, 388.82, 1008.99, 551.1)
(671.03, 388.77, 1008.8, 551.45)
(670.66, 388.73, 1008.6199999999999, 551.8)
(670.3, 388.68, 1008.4399999999999, 552.16)
(669.93, 388.64, 1008.25, 552.51)
(669.56, 388.59, 1008.0699999999999, 552.86)
(669.2, 388.54, 1007.8900000000001, 553.21)
(668.83, 388.5, 1007.7, 553.56)
(668.46, 388.45, 1007.52, 553.91)
(668.09, 388.41, 1007.34, 554.26)
(667.73, 388.36, 1007.1500000000001, 554.61)
(667.36, 388.31, 1006.97, 554.96)
(668.22, 388.44, 1006.24, 556.4)
(669.07, 388.56, 1005.5, 557.84)
(669.93, 388.68, 1004.77, 559.27)
(670.79, 388.8, 1004.03, 560.71)
(671.64, 388.93, 1003.3, 562.15)
(672.5, 389.05, 1002.56, 563.58)
(673.36, 389.17, 1001.83, 565.02)
(674.22, 389.29, 1001.1, 566.46)
(675.07, 389.41, 1000.3600000000001, 567.9000000000001)
(675.93, 389.54, 999.6299999999999, 569.33)
(676.79, 389.66, 998.89, 570.77)
(677.64, 389.78, 998.16, 572.21)
(678.5, 389.9, 997.4300000000001, 573.64)
(679.36, 390.03, 996.69, 575.0799999999999)
(680.21, 390.15, 995.96, 576.52)
(681.07, 390.27, 995.22, 577.95)
(681.93, 390.39, 994.49, 579.39)
(682.79, 390.52, 993.76, 580.8299999999999)
(683.64, 390.64, 993.02, 582.26)
(684.5, 390.76, 992.29, 583.7)
(684.07, 390.82, 991.28, 585.35)
(683.64, 390.88, 990.27, 587.0)
(683.21, 390.94, 989.26, 588.65)
(682.78, 391.0, 988.25, 590.3)
(682.35, 391.07, 987.24, 591.95)
(681.92, 391.13, 986.23, 593.6)
(681.49, 391.19, 985.22, 595.25)
(681.06, 391.25, 984.2099999999999, 596.9)
(680.63, 391.31, 983.2, 598.55)
(680.2, 391.37, 982.19, 600.2)
(679.77, 391.43, 981.1800000000001, 601.85)
(679.34, 391.49, 980.1800000000001, 603.5)
(678.91, 391.56, 979.17, 605.15)
(678.48, 391.62, 978.1600000000001, 606.8)
(678.05, 391.68, 977.15, 608.45)
(677.62, 391.74, 976.14, 610.1)
(677.19, 391.8, 975.1300000000001, 611.75)
(676.76, 391.86, 974.12, 613.4)
(676.33, 391.92, 973.11, 615.05)
(675.9, 391.98, 972.0999999999999, 616.7)
(676.24, 391.62, 971.06, 617.19)
(676.57, 391.25, 970.02, 617.6800000000001)
(676.91, 390.88, 968.98, 618.17)
(677.24, 390.52, 967.94, 618.66)
(677.58, 390.15, 966.9000000000001, 619.15)
(677.91, 389.78, 965.8599999999999, 619.64)
(678.25, 389.42, 964.8199999999999, 620.13)
(678.58, 389.05, 963.78, 620.62)
(678.92, 388.68, 962.74, 621.11)
(679.25, 388.32, 961.7, 621.6)
(679.59, 387.95, 960.6600000000001, 622.0899999999999)
(679.92, 387.58, 959.6199999999999, 622.5799999999999)
(680.26, 387.21, 958.5799999999999, 623.0699999999999)
(680.59, 386.85, 957.54, 623.5600000000001)
(680.93, 386.48, 956.5, 624.05)
(681.26, 386.11, 955.46, 624.54)
(681.6, 385.75, 954.4200000000001, 625.03)
(681.93, 385.38, 953.3799999999999, 625.52)
(682.27, 385.01, 952.3399999999999, 626.01)
(682.6, 384.65, 951.3, 626.5)
(683.0, 384.55, 950.87, 627.27)
(683.4, 384.46, 950.45, 628.03)
(683.8, 384.37, 950.02, 628.8)
(684.2, 384.28, 949.59, 629.56)
(684.6, 384.19, 949.1600000000001, 630.3299999999999)
(685.0, 384.1, 948.73, 631.09)
(685.4, 384.0, 948.3, 631.86)
(685.8, 383.91, 947.8799999999999, 632.62)
(686.2, 383.82, 947.45, 633.39)
(686.6, 383.73, 947.02, 634.15)
(687.0, 383.64, 946.5899999999999, 634.92)
(687.4, 383.55, 946.16, 635.6800000000001)
(687.8, 383.45, 945.74, 636.45)
(688.2, 383.36, 945.3100000000001, 637.21)
(688.6, 383.27, 944.88, 637.98)
(689.0, 383.18, 944.45, 638.74)
(689.4, 383.09, 944.02, 639.51)
(689.8, 383.0, 943.5999999999999, 640.27)
(690.2, 382.9, 943.1700000000001, 641.04)
(690.6, 382.81, 942.74, 641.8)
(690.11, 382.63, 940.9, 642.75)
(689.62, 382.45, 939.0699999999999, 643.7)
(689.13, 382.26, 937.23, 644.65)
(688.64, 382.08, 935.4, 645.5999999999999)
(688.15, 381.9, 933.56, 646.55)
(687.66, 381.71, 931.73, 647.5)
(687.17, 381.53, 929.89, 648.45)
(686.68, 381.34, 928.06, 649.4)
(686.19, 381.16, 926.22, 650.35)
(685.7, 380.98, 924.3900000000001, 651.3)
(685.21, 380.79, 922.5500000000001, 652.25)
(684.72, 380.61, 920.72, 653.2)
(684.23, 380.43, 918.88, 654.1500000000001)
(683.74, 380.24, 917.05, 655.1)
(683.25, 380.06, 915.21, 656.05)
(682.76, 379.88, 913.38, 657.0)
(682.27, 379.69, 911.54, 657.95)
(681.78, 379.51, 909.71, 658.9)
(681.29, 379.33, 907.87, 659.8499999999999)
(680.8, 379.14, 906.04, 660.8)
(680.43, 379.72, 905.67, 661.3800000000001)
(680.07, 380.3, 905.3000000000001, 661.96)
(679.7, 380.89, 904.9300000000001, 662.54)
(679.33, 381.47, 904.57, 663.12)
(678.96, 382.05, 904.2, 663.71)
(678.6, 382.63, 903.83, 664.29)
(678.23, 383.21, 903.47, 664.87)
(677.86, 383.79, 903.1, 665.45)
(677.5, 384.37, 902.73, 666.03)
(677.13, 384.95, 902.36, 666.61)
(676.76, 385.54, 902.0, 667.19)
(676.39, 386.12, 901.63, 667.77)
(676.03, 386.7, 901.26, 668.3499999999999)
(675.66, 387.28, 900.9, 668.94)
(675.29, 387.86, 900.53, 669.52)
(674.93, 388.44, 900.16, 670.1)
(674.56, 389.02, 899.79, 670.6800000000001)
(674.19, 389.6, 899.4300000000001, 671.26)
(673.82, 390.18, 899.0600000000001, 671.84)
(673.46, 390.77, 898.69, 672.42)
(673.7, 390.77, 897.84, 673.04)
(673.95, 390.77, 896.98, 673.65)
(674.2, 390.77, 896.12, 674.26)
(674.45, 390.77, 895.27, 674.88)
(674.69, 390.77, 894.4100000000001, 675.49)
(674.94, 390.77, 893.5500000000001, 676.1099999999999)
(675.19, 390.77, 892.7, 676.72)
(675.43, 390.77, 891.8399999999999, 677.3299999999999)
(675.68, 390.77, 890.99, 677.95)
(675.93, 390.77, 890.1299999999999, 678.56)
(676.18, 390.77, 889.27, 679.1800000000001)
(676.42, 390.77, 888.42, 679.79)
(676.67, 390.77, 887.56, 680.4)
(676.92, 390.77, 886.6999999999999, 681.02)
(677.16, 390.77, 885.8499999999999, 681.63)
(677.41, 390.77, 884.99, 682.24)
(677.66, 390.77, 884.13, 682.8599999999999)
(677.91, 390.77, 883.28, 683.47)
(678.15, 390.77, 882.42, 684.0899999999999)
(678.4, 390.77, 881.5699999999999, 684.7)
(678.53, 390.75, 881.6899999999999, 684.79)
(678.67, 390.74, 881.81, 684.87)
(678.8, 390.73, 881.93, 684.96)
(678.94, 390.72, 882.0500000000001, 685.04)
(679.07, 390.7, 882.1800000000001, 685.13)
(679.2, 390.69, 882.3000000000001, 685.22)
(679.34, 390.68, 882.4200000000001, 685.3)
(679.47, 390.67, 882.54, 685.3900000000001)
(679.61, 390.66, 882.6700000000001, 685.47)
(679.74, 390.64, 882.79, 685.56)
(679.87, 390.63, 882.91, 685.65)
(680.01, 390.62, 883.03, 685.73)
(680.14, 390.61, 883.16, 685.8199999999999)
(680.28, 390.59, 883.28, 685.9)
(680.41, 390.58, 883.4, 685.99)
(680.54, 390.57, 883.52, 686.0799999999999)
(680.68, 390.56, 883.65, 686.1600000000001)
(680.81, 390.55, 883.77, 686.25)
(680.95, 390.53, 883.8900000000001, 686.3299999999999)
(681.08, 390.52, 884.01, 686.42)
(681.21, 390.51, 884.13, 686.51)
(681.35, 390.5, 884.26, 686.5899999999999)
(681.48, 390.48, 884.38, 686.6800000000001)
(681.62, 390.47, 884.5, 686.76)
(681.75, 390.46, 884.62, 686.8499999999999)
(681.88, 390.45, 884.75, 686.94)
(682.02, 390.44, 884.87, 687.02)
(682.15, 390.42, 884.99, 687.11)
(682.29, 390.41, 885.1099999999999, 687.19)
(682.42, 390.4, 885.24, 687.28)
(682.55, 390.39, 885.3599999999999, 687.37)
(682.69, 390.37, 885.48, 687.45)
(682.82, 390.36, 885.6, 687.54)
(682.96, 390.35, 885.73, 687.62)
(683.09, 390.34, 885.85, 687.71)
(683.22, 390.33, 885.97, 687.8)
(683.36, 390.31, 886.09, 687.88)
(683.49, 390.3, 886.21, 687.97)
(683.63, 390.29, 886.34, 688.05)
(683.76, 390.28, 886.46, 688.14)
(683.89, 390.26, 886.5799999999999, 688.23)
(684.03, 390.25, 886.6999999999999, 688.31)
(684.16, 390.24, 886.8299999999999, 688.4000000000001)
(684.3, 390.23, 886.9499999999999, 688.48)
(684.43, 390.22, 887.0699999999999, 688.57)
(684.56, 390.2, 887.1899999999999, 688.66)
(684.7, 390.19, 887.32, 688.74)
(684.83, 390.18, 887.44, 688.8299999999999)
(684.97, 390.17, 887.5600000000001, 688.9100000000001)
(685.1, 390.15, 887.6800000000001, 689.0)
(685.1, 390.15, 887.6800000000001, 689.0)
(685.1, 390.15, 887.6800000000001, 689.0)
(685.1, 390.15, 887.6800000000001, 689.0)
(685.1, 390.15, 887.6800000000001, 689.0)
(685.1, 390.15, 887.6800000000001, 689.0)
(685.1, 390.15, 887.6800000000001, 689.0)
(685.1, 390.15, 887.6800000000001, 689.0)
(685.1, 390.15, 887.6800000000001, 689.0)
(685.1, 390.15, 887.6800000000001, 689.0)
(685.1, 390.15, 887.6800000000001, 689.0)
(685.1, 390.15, 887.6800000000001, 689.0)
(685.1, 390.15, 887.6800000000001, 689.0)
(685.1, 390.15, 887.6800000000001, 689.0)
(685.1, 390.15, 887.6800000000001, 689.0)
(685.1, 390.15, 887.6800000000001, 689.0)
(685.1, 390.15, 887.6800000000001, 689.0)
(685.1, 390.15, 887.6800000000001, 689.0)
(685.1, 390.15, 887.6800000000001, 689.0)
(685.1, 390.15, 887.6800000000001, 689.0)
(685.1, 390.15, 887.6800000000001, 689.0)
(685.1, 390.15, 887.6800000000001, 689.0)
(685.1, 390.15, 887.6800000000001, 689.0)
(685.1, 390.15, 887.6800000000001, 689.0)
(685.1, 390.15, 887.6800000000001, 689.0)
(685.1, 390.15, 887.6800000000001, 689.0)
(685.1, 390.15, 887.6800000000001, 689.0)
(685.1, 390.15, 887.6800000000001, 689.0)
(685.1, 390.15, 887.6800000000001, 689.0)
(685.1, 390.15, 887.6800000000001, 689.0)
(685.1, 390.15, 887.6800000000001, 689.0)
(685.1, 390.15, 887.6800000000001, 689.0)
(685.1, 390.15, 887.6800000000001, 689.0)
(685.1, 390.15, 887.6800000000001, 689.0)
(685.1, 390.15, 887.6800000000001, 689.0)
